197 9.799999999999999822e-01
0.000000000000000000e-00 0.000000000000000000e-00 0.000000000000000000e-00 0.000000000000000000e-00
5.000000000000000104e-03 2.500000000000000000e+01 8.500000000000000000e+00 9.087434570312500171e+01
1.000000000000000021e-02 2.750000000000000000e+02 9.350000000000000000e+01 9.265998046875000682e+01
1.499999999999999944e-02 5.053846199999999840e+02 1.725384600000000148e+02 9.332106445312500398e+01
2.000000000000000042e-02 5.592307700000000068e+02 1.979230799999999988e+02 9.443158203125000227e+01
2.500000000000000139e-02 6.130769199999999728e+02 2.233076900000000080e+02 9.548159179687500853e+01
2.999999999999999889e-02 6.669230800000000272e+02 2.486923099999999920e+02 9.680638671875000512e+01
3.500000000000000333e-02 7.207692299999999932e+02 2.740769200000000296e+02 9.816580078124998465e+01
4.000000000000000083e-02 7.746153799999999592e+02 2.994615400000000136e+02 9.952661132812500000e+01
4.499999999999999833e-02 8.284615400000000136e+02 3.248461499999999660e+02 1.008732324218750023e+02
5.000000000000000278e-02 8.823076899999999796e+02 3.502307700000000068e+02 1.022007519531250068e+02
5.500000000000000028e-02 9.361538500000000340e+02 3.756153800000000160e+02 1.035186328125000017e+02
5.999999999999999778e-02 9.900000000000000000e+02 4.010000000000000000e+02 1.048436035156249773e+02
6.500000000000000222e-02 1.043846199999999953e+03 4.263846199999999840e+02 1.061893847656249790e+02
7.000000000000000666e-02 1.093653800000000047e+03 4.498653800000000160e+02 1.075623925781249994e+02
7.499999999999999722e-02 1.107115400000000136e+03 4.562115399999999568e+02 1.089663476562500080e+02
8.000000000000000167e-02 1.120576900000000023e+03 4.625576899999999796e+02 1.104051367187500006e+02
8.500000000000000611e-02 1.134038500000000113e+03 4.689038499999999772e+02 1.118808300781249869e+02
8.999999999999999667e-02 1.147500000000000000e+03 4.752500000000000000e+02 1.133969042968750074e+02
9.500000000000000111e-02 1.160961499999999887e+03 4.815961500000000228e+02 1.149653320312500000e+02
1.000000000000000056e-01 1.174423099999999977e+03 4.879423100000000204e+02 1.166058398437500045e+02
1.049999999999999961e-01 1.187884599999999864e+03 4.942884600000000432e+02 1.183395019531249943e+02
1.100000000000000006e-01 1.200000000000000000e+03 5.000000000000000000e+02 1.201837792968750023e+02
1.150000000000000050e-01 1.200000000000000000e+03 5.000000000000000000e+02 1.221518359374999960e+02
1.199999999999999956e-01 1.200000000000000000e+03 5.000000000000000000e+02 1.242665332031250074e+02
1.250000000000000000e-01 1.200000000000000000e+03 5.000000000000000000e+02 1.265385644531250051e+02
1.300000000000000044e-01 1.200000000000000000e+03 5.000000000000000000e+02 1.289702929687500159e+02
1.350000000000000089e-01 1.200000000000000000e+03 5.000000000000000000e+02 1.315729296874999932e+02
1.400000000000000133e-01 1.200000000000000000e+03 5.000000000000000000e+02 1.343172558593750239e+02
1.449999999999999900e-01 1.200000000000000000e+03 5.000000000000000000e+02 1.372132324218750057e+02
1.499999999999999944e-01 1.200000000000000000e+03 5.000000000000000000e+02 1.402601269531249955e+02
1.549999999999999989e-01 1.200000000000000000e+03 5.000000000000000000e+02 1.429645996093750000e+02
1.600000000000000033e-01 1.200000000000000000e+03 5.000000000000000000e+02 1.456171972656249807e+02
1.650000000000000078e-01 1.200000000000000000e+03 5.000000000000000000e+02 1.483625585937500375e+02
1.700000000000000122e-01 1.200000000000000000e+03 5.000000000000000000e+02 1.512433691406249920e+02
1.749999999999999889e-01 1.200000000000000000e+03 5.000000000000000000e+02 1.544054687499999829e+02
1.799999999999999933e-01 1.200000000000000000e+03 5.058605200000000082e+02 1.585037011718750080e+02
1.849999999999999978e-01 1.216901100000000042e+03 5.222250000000000227e+02 1.667908789062499579e+02
1.900000000000000022e-01 1.254209000000000060e+03 5.483597999999999502e+02 2.319264453124999932e+02
1.950000000000000067e-01 1.319313099999999849e+03 5.866212000000000444e+02 6.047942968749999864e+02
2.000000000000000111e-01 1.425596299999999928e+03 6.396129499999999553e+02 1.546894374999999854e+03
2.049999999999999878e-01 1.596262699999999995e+03 7.100149499999999989e+02 3.556446874999999636e+03
2.099999999999999922e-01 1.879604400000000169e+03 8.006821099999999660e+02 6.749573749999999563e+03
2.149999999999999967e-01 2.327746900000000096e+03 9.176421399999999267e+02 1.086252625000000080e+04
2.200000000000000011e-01 2.975354599999999664e+03 1.085262600000000020e+03 1.215639624999999978e+04
2.250000000000000056e-01 3.881488700000000335e+03 1.363240400000000136e+03 1.287292124999999942e+04
2.300000000000000100e-01 5.141035899999999856e+03 1.820245999999999867e+03 1.344380624999999964e+04
2.349999999999999867e-01 6.716195900000000620e+03 2.002618799999999737e+03 1.399936499999999978e+04
2.399999999999999911e-01 8.613942200000001321e+03 2.035858399999999847e+03 1.461588500000000022e+04
2.449999999999999956e-01 9.010168700000000172e+03 2.077648299999999836e+03 1.543802625000000080e+04
2.500000000000000000e-01 9.105981600000000981e+03 2.112867199999999684e+03 1.664493249999999898e+04
2.550000000000000044e-01 9.228993099999999686e+03 2.149221399999999903e+03 1.832270249999999942e+04
2.600000000000000089e-01 9.369728100000000268e+03 2.188299199999999928e+03 2.043143625000000247e+04
2.650000000000000133e-01 9.521477999999999156e+03 2.229567399999999907e+03 2.286710499999999956e+04
2.700000000000000178e-01 9.678800999999999476e+03 2.272178199999999833e+03 2.550723749999999927e+04
2.750000000000000222e-01 9.837188200000000506e+03 2.315280200000000150e+03 2.823908249999999680e+04
2.800000000000000266e-01 9.993079700000000230e+03 2.358054399999999987e+03 3.097125749999999971e+04
2.849999999999999756e-01 1.014367299999999886e+04 2.399752400000000307e+03 3.363294750000000204e+04
2.899999999999999800e-01 1.028679399999999987e+04 2.439721700000000055e+03 3.617773500000000058e+04
2.949999999999999845e-01 1.042070299999999952e+04 2.477427599999999984e+03 3.856773249999999825e+04
2.999999999999999889e-01 1.054403900000000067e+04 2.512445600000000013e+03 4.077137249999999767e+04
3.049999999999999933e-01 1.065583799999999974e+04 2.544450499999999920e+03 4.275791000000000349e+04
3.099999999999999978e-01 1.075547199999999975e+04 2.573221099999999751e+03 4.449601499999999942e+04
3.150000000000000022e-01 1.084257899999999972e+04 2.598634000000000015e+03 4.596159000000000378e+04
3.200000000000000067e-01 1.091701699999999983e+04 2.620644600000000082e+03 4.714439999999999418e+04
3.250000000000000111e-01 1.097883399999999892e+04 2.639271799999999985e+03 4.804359999999999854e+04
3.300000000000000155e-01 1.102825399999999900e+04 2.654603000000000065e+03 4.866192000000000553e+04
3.350000000000000200e-01 1.106567799999999988e+04 2.666785899999999856e+03 4.900586499999999796e+04
3.400000000000000244e-01 1.109162899999999900e+04 2.676025500000000193e+03 4.908270000000000437e+04
3.449999999999999734e-01 1.110676199999999881e+04 2.682561799999999948e+03 4.887123500000000058e+04
3.499999999999999778e-01 1.111180899999999929e+04 2.686644699999999830e+03 4.840006499999999505e+04
3.549999999999999822e-01 1.110753299999999945e+04 2.688520500000000084e+03 4.773326999999999680e+04
3.599999999999999867e-01 1.109468100000000049e+04 2.688423999999999978e+03 4.693169999999999709e+04
3.649999999999999911e-01 1.107395600000000013e+04 2.686574499999999716e+03 4.608981999999999971e+04
3.699999999999999956e-01 1.104601300000000083e+04 2.683168999999999869e+03 4.420000000000000000e+04
3.750000000000000000e-01 1.101145000000000073e+04 2.678378799999999956e+03 4.276617499999999563e+04
3.800000000000000044e-01 1.097081300000000010e+04 2.672350699999999961e+03 4.120326000000000204e+04
3.850000000000000089e-01 1.092458599999999933e+04 2.665210099999999784e+03 3.948888500000000204e+04
3.900000000000000133e-01 1.087319900000000052e+04 2.657063100000000304e+03 3.726784500000000116e+04
3.950000000000000178e-01 1.081703200000000106e+04 2.647998399999999947e+03 3.536719999999999709e+04
4.000000000000000222e-01 1.075641899999999987e+04 2.638091900000000351e+03 3.338133249999999680e+04
4.050000000000000266e-01 1.069165999999999985e+04 2.627407500000000255e+03 3.145418750000000000e+04
4.099999999999999756e-01 1.062303000000000065e+04 2.615998599999999897e+03 2.968181250000000000e+04
4.149999999999999800e-01 1.055078099999999904e+04 2.603909700000000157e+03 2.786811499999999796e+04
4.199999999999999845e-01 1.047516300000000047e+04 2.591179300000000239e+03 2.605386499999999796e+04
4.249999999999999889e-01 1.039642499999999927e+04 2.577838899999999740e+03 2.426361999999999898e+04
4.299999999999999933e-01 1.031482200000000012e+04 2.563914999999999964e+03 2.251421249999999782e+04
4.349999999999999978e-01 1.023060800000000017e+04 2.549430800000000090e+03 2.081871374999999898e+04
4.400000000000000022e-01 1.014402100000000064e+04 2.534406500000000051e+03 1.919048624999999811e+04
4.450000000000000067e-01 1.005527599999999984e+04 2.518858400000000074e+03 1.763801374999999825e+04
4.500000000000000111e-01 9.964566899999999805e+03 2.502800400000000081e+03 1.616815499999999884e+04
4.550000000000000155e-01 9.872064800000000105e+03 2.486244900000000143e+03 1.479035124999999971e+04
4.600000000000000200e-01 9.777920500000000175e+03 2.469203099999999722e+03 1.351490875000000051e+04
4.650000000000000244e-01 9.682266999999999825e+03 2.451685099999999693e+03 1.232470499999999993e+04
4.699999999999999734e-01 9.585220799999999144e+03 2.433700700000000325e+03 1.122001000000000022e+04
4.749999999999999778e-01 9.486881900000000314e+03 2.415260400000000118e+03 1.019966437499999847e+04
4.799999999999999822e-01 9.387338299999999435e+03 2.396375500000000102e+03 9.261459374999998545e+03
4.849999999999999867e-01 9.286665399999999863e+03 2.377059999999999945e+03 8.402049999999999272e+03
4.899999999999999911e-01 9.184932099999999991e+03 2.356454899999999725e+03 7.616994999999999891e+03
4.949999999999999956e-01 9.081989700000000084e+03 2.300698699999999917e+03 6.901943750000000364e+03
5.000000000000000000e-01 8.977852300000000469e+03 2.228252100000000155e+03 6.252221875000000182e+03
5.050000000000000044e-01 8.872707599999999729e+03 2.144971099999999751e+03 5.662866875000001528e+03
5.100000000000000089e-01 8.766712700000000041e+03 2.062256499999999960e+03 5.129015312499999709e+03
5.150000000000000133e-01 8.660075199999999313e+03 1.997494099999999889e+03 4.646048749999999927e+03
5.200000000000000178e-01 8.553106799999999566e+03 1.977798900000000231e+03 4.209562500000000000e+03
5.250000000000000222e-01 8.445881600000000617e+03 1.977798900000000231e+03 3.815510624999999891e+03
5.300000000000000266e-01 8.338080299999999625e+03 1.977798900000000231e+03 3.459809062499999982e+03
5.350000000000000311e-01 8.229600300000000061e+03 1.977798900000000231e+03 3.138741250000000036e+03
5.400000000000000355e-01 8.069009500000000116e+03 1.977798900000000231e+03 2.848991562499999418e+03
5.450000000000000400e-01 8.000457599999999729e+03 1.977798900000000231e+03 2.587482656250000218e+03
5.500000000000000444e-01 7.690463899999999740e+03 1.977798900000000231e+03 2.351404218749999927e+03
5.550000000000000488e-01 7.347390600000000632e+03 1.977798900000000231e+03 2.138194687499999873e+03
5.600000000000000533e-01 6.970215300000000752e+03 1.977798900000000231e+03 1.945558125000000018e+03
5.649999999999999467e-01 6.520875799999999799e+03 1.977798900000000231e+03 1.771448281250000036e+03
5.699999999999999512e-01 6.036789899999999761e+03 1.977798900000000231e+03 1.614016874999999800e+03
5.749999999999999556e-01 5.521884199999999510e+03 1.977798900000000231e+03 1.471618281250000109e+03
5.799999999999999600e-01 4.986407100000000355e+03 1.977798900000000231e+03 1.342770937500000173e+03
5.849999999999999645e-01 4.245550299999999879e+03 1.422581799999999930e+03 1.226114062500000045e+03
5.899999999999999689e-01 3.448126900000000205e+03 1.042783300000000054e+03 1.120440781249999873e+03
5.949999999999999734e-01 2.893283699999999953e+03 9.505703399999999874e+02 1.024659453125000027e+03
5.999999999999999778e-01 2.317768600000000333e+03 8.373050600000000259e+02 9.378314062500001000e+02
6.049999999999999822e-01 1.761958699999999908e+03 7.162230299999999943e+02 8.590585156250000409e+02
6.099999999999999867e-01 1.234075699999999870e+03 5.863180700000000343e+02 7.875040625000000318e+02
6.149999999999999911e-01 1.166947700000000168e+03 4.791588300000000231e+02 7.224048437500000546e+02
6.199999999999999956e-01 1.294885999999999967e+03 4.314030700000000138e+02 6.629978124999998954e+02
6.250000000000000000e-01 1.383174599999999828e+03 3.666003499999999917e+02 6.086017968749999909e+02
6.300000000000000044e-01 1.454935399999999845e+03 2.974359000000000037e+02 5.588444140624999363e+02
6.350000000000000089e-01 1.510886500000000069e+03 2.245662400000000218e+02 5.137578125000000000e+02
6.400000000000000133e-01 1.552108699999999999e+03 1.488650700000000029e+02 4.729459765624999932e+02
6.450000000000000178e-01 1.579724500000000035e+03 7.162805399999999167e+01 4.360773046874999750e+02
6.500000000000000222e-01 1.594777900000000045e+03 -6.098196200000000289e+00 4.026736718750000250e+02
6.550000000000000266e-01 1.598322599999999966e+03 -8.372371300000000360e+01 3.723933203125000091e+02
6.600000000000000311e-01 1.591562900000000127e+03 -1.607032399999999939e+02 3.449134765624999659e+02
6.650000000000000355e-01 1.575588199999999915e+03 -2.364463599999999985e+02 3.199779882812500205e+02
6.700000000000000400e-01 1.551356500000000096e+03 -3.104329000000000178e+02 2.973514648437500227e+02
6.750000000000000444e-01 1.519824299999999994e+03 -3.822647200000000112e+02 2.768360937500000318e+02
6.800000000000000488e-01 1.481918900000000122e+03 -4.515810700000000111e+02 2.582441210937499818e+02
6.850000000000000533e-01 1.438459699999999884e+03 -5.180893699999999171e+02 2.414110156250000045e+02
6.899999999999999467e-01 1.390268800000000056e+03 -5.815236200000000508e+02 2.261704296875000182e+02
6.949999999999999512e-01 1.338100100000000111e+03 -6.417035100000000511e+02 2.123577539062499966e+02
6.999999999999999556e-01 1.282673900000000003e+03 -6.984956799999999930e+02 1.998275781250000023e+02
7.049999999999999600e-01 1.224615800000000036e+03 -7.517871800000000349e+02 1.884397460937499886e+02
7.099999999999999645e-01 1.163687699999999950e+03 -8.025711599999999635e+02 1.780782031249999591e+02
7.149999999999999689e-01 1.063553599999999960e+03 -8.754046099999999342e+02 1.686373046874999773e+02
7.199999999999999734e-01 9.457737899999999627e+02 -9.308149600000000419e+02 1.600251269531250102e+02
7.249999999999999778e-01 8.210717300000000023e+02 -9.651271199999998771e+02 1.521650976562499693e+02
7.299999999999999822e-01 6.946846299999999701e+02 -9.805196099999999433e+02 1.449838476562499636e+02
7.349999999999999867e-01 5.704092100000000300e+02 -9.799831000000000358e+02 1.384166503906249943e+02
7.399999999999999911e-01 4.508075799999999731e+02 -9.667815699999998742e+02 1.324094238281249716e+02
7.449999999999999956e-01 3.375998700000000099e+02 -9.440923800000000483e+02 1.269108007812500034e+02
7.500000000000000000e-01 2.320277099999999848e+02 -9.147314800000000332e+02 1.218757421874999949e+02
7.550000000000000044e-01 1.350664299999999969e+02 -8.810553499999999758e+02 1.172630664062500045e+02
7.600000000000000089e-01 4.748669800000000407e+01 -8.449080599999999777e+02 1.130366503906249989e+02
7.650000000000000133e-01 -3.018923399999999901e+01 -8.076494700000000648e+02 1.091641113281249886e+02
7.700000000000000178e-01 -9.775352799999998865e+01 -7.702486400000000231e+02 1.056155078124999989e+02
7.750000000000000222e-01 -1.553347600000000170e+02 -7.333649800000000596e+02 1.023636718750000085e+02
7.800000000000000266e-01 -2.034383200000000045e+02 -6.974334300000000439e+02 9.938409179687501194e+01
7.850000000000000311e-01 -2.428236600000000180e+02 -6.627428400000000011e+02 9.665348632812499829e+01
7.900000000000000355e-01 -2.744333900000000313e+02 -6.294919200000000501e+02 9.415013671875000512e+01
7.950000000000000400e-01 -2.992815300000000320e+02 -5.978065300000000661e+02 9.185443359375000227e+01
8.000000000000000444e-01 -3.183703300000000240e+02 -5.677677400000000034e+02 8.974962890625000966e+01
8.050000000000000488e-01 -3.326156799999999976e+02 -5.394152699999999641e+02 8.781977539062499716e+01
8.100000000000000533e-01 -3.428202999999999747e+02 -5.127596399999999903e+02 8.604995117187500853e+01
8.149999999999999467e-01 -3.496695700000000215e+02 -4.877778500000000577e+02 8.442612304687501990e+01
8.199999999999999512e-01 -3.537054699999999912e+02 -4.644200899999999592e+02 8.293748046875001023e+01
8.249999999999999556e-01 -3.553068000000000097e+02 -4.425993999999999460e+02 8.157521484374998977e+01
8.299999999999999600e-01 -3.547329300000000103e+02 -4.222005500000000211e+02 8.033112792968749716e+01
8.349999999999999645e-01 -3.522067000000000121e+02 -4.030930600000000368e+02 7.919737304687500057e+01
8.399999999999999689e-01 -3.479249599999999987e+02 -3.851473799999999983e+02 7.816634765624999659e+01
8.449999999999999734e-01 -3.420613799999999856e+02 -3.682380799999999681e+02 7.723109863281248977e+01
8.499999999999999778e-01 -3.348121500000000310e+02 -3.522403400000000033e+02 7.638545410156250171e+01
8.549999999999999822e-01 -3.263817300000000046e+02 -3.370463599999999929e+02 7.562308593750000796e+01
8.599999999999999867e-01 -3.169739799999999832e+02 -3.225712700000000268e+02 7.493850097656250853e+01
8.649999999999999911e-01 -3.067853599999999687e+02 -3.087488199999999665e+02 7.432646484374998863e+01
8.699999999999999956e-01 -2.959978399999999965e+02 -2.955288899999999899e+02 7.378196777343750057e+01
8.750000000000000000e-01 -2.847744200000000205e+02 -2.828720700000000079e+02 7.330044433593751307e+01
8.800000000000000044e-01 -2.732570600000000240e+02 -2.707467100000000073e+02 7.287744140625000000e+01
8.850000000000000089e-01 -2.615675600000000145e+02 -2.591263900000000149e+02 7.250865722656249091e+01
8.900000000000000133e-01 -2.498081599999999867e+02 -2.479881199999999808e+02 7.219033691406248465e+01
8.950000000000000178e-01 -2.380636800000000335e+02 -2.373109100000000069e+02 7.191895507812499488e+01
9.000000000000000222e-01 -2.264031699999999887e+02 -2.270751000000000204e+02 7.169108886718750284e+01
9.050000000000000266e-01 -2.148818299999999795e+02 -2.172617400000000032e+02 7.150354980468749488e+01
9.100000000000000311e-01 -2.035427500000000123e+02 -2.078527999999999736e+02 7.135318847656249375e+01
9.150000000000000355e-01 -1.924190399999999954e+02 -1.988305900000000008e+02 7.123747070312499829e+01
9.200000000000000400e-01 -1.815355999999999881e+02 -1.901777800000000127e+02 7.115393554687500455e+01
9.250000000000000444e-01 -1.709101799999999969e+02 -1.818775599999999883e+02 7.110003906249998806e+01
9.300000000000000488e-01 -1.605550599999999974e+02 -1.739134600000000148e+02 7.107361328125000455e+01
9.350000000000000533e-01 -1.504775099999999952e+02 -1.662693099999999902e+02 7.107254394531250341e+01
9.399999999999999467e-01 -1.406811200000000213e+02 -1.589296400000000062e+02 7.109486328124999943e+01
9.449999999999999512e-01 -1.311664999999999850e+02 -1.518794800000000009e+02 7.113875000000000171e+01
9.499999999999999556e-01 -1.219318099999999987e+02 -1.451046100000000081e+02 7.120248535156250114e+01
9.549999999999999600e-01 -1.129732999999999947e+02 -1.385913099999999929e+02 7.128461425781249261e+01
9.599999999999999645e-01 -1.042861100000000079e+02 -1.323266900000000135e+02 7.138356933593750853e+01
9.649999999999999689e-01 -9.586451100000000736e+01 -1.262983799999999945e+02 7.149806152343749943e+01
9.699999999999999734e-01 -8.770189299999999832e+01 -1.204946699999999993e+02 7.162685546874999432e+01
9.749999999999999778e-01 -7.979094100000000367e+01 -1.149044000000000096e+02 7.176878906249999091e+01
9.799999999999999822e-01 -7.212468300000000454e+01 -1.095172100000000057e+02 7.192259765625000512e+01