900 0.900000
1.000000000000000021e-03 0.000000000000000000e+00 0.000000000000000000e+00
2.000000000000000042e-03 4.415009999999999657e+00 0.000000000000000000e+00
3.000000000000000062e-03 8.830019999999999314e+00 0.000000000000000000e+00
4.000000000000000083e-03 1.324499999999999922e+01 0.000000000000000000e+00
5.000000000000000104e-03 1.766000000000000014e+01 0.000000000000000000e+00
6.000000000000000125e-03 2.207509999999999906e+01 0.000000000000000000e+00
7.000000000000000146e-03 2.649010000000000176e+01 0.000000000000000000e+00
8.000000000000000167e-03 3.090510000000000090e+01 0.000000000000000000e+00
8.999999999999999320e-03 3.532009999999999650e+01 0.000000000000000000e+00
1.000000000000000021e-02 3.973510000000000275e+01 0.000000000000000000e+00
1.099999999999999936e-02 4.415010000000000190e+01 0.000000000000000000e+00
1.200000000000000025e-02 4.856510000000000105e+01 0.000000000000000000e+00
1.299999999999999940e-02 5.298010000000000019e+01 0.000000000000000000e+00
1.400000000000000029e-02 5.739509999999999934e+01 0.000000000000000000e+00
1.499999999999999944e-02 6.181020000000000181e+01 0.000000000000000000e+00
1.600000000000000033e-02 6.622520000000000095e+01 0.000000000000000000e+00
1.700000000000000122e-02 7.064019999999999300e+01 0.000000000000000000e+00
1.799999999999999864e-02 7.505519999999999925e+01 0.000000000000000000e+00
1.899999999999999953e-02 7.947020000000000550e+01 0.000000000000000000e+00
2.000000000000000042e-02 8.388519999999999754e+01 0.000000000000000000e+00
2.100000000000000130e-02 8.830020000000000380e+01 0.000000000000000000e+00
2.199999999999999872e-02 9.271519999999999584e+01 0.000000000000000000e+00
2.299999999999999961e-02 9.713020000000000209e+01 0.000000000000000000e+00
2.400000000000000050e-02 1.015450000000000017e+02 0.000000000000000000e+00
2.500000000000000139e-02 1.059599999999999937e+02 0.000000000000000000e+00
2.599999999999999881e-02 1.103750000000000000e+02 0.000000000000000000e+00
2.699999999999999969e-02 1.147900000000000063e+02 0.000000000000000000e+00
2.800000000000000058e-02 1.192049999999999983e+02 0.000000000000000000e+00
2.900000000000000147e-02 1.236200000000000045e+02 0.000000000000000000e+00
2.999999999999999889e-02 1.280349999999999966e+02 0.000000000000000000e+00
3.099999999999999978e-02 1.324499999999999886e+02 0.000000000000000000e+00
3.200000000000000067e-02 1.368650000000000091e+02 0.000000000000000000e+00
3.300000000000000155e-02 1.412800000000000011e+02 0.000000000000000000e+00
3.400000000000000244e-02 1.456949999999999932e+02 0.000000000000000000e+00
3.500000000000000333e-02 1.501100000000000136e+02 0.000000000000000000e+00
3.599999999999999728e-02 1.545250000000000057e+02 0.000000000000000000e+00
3.699999999999999817e-02 1.589399999999999977e+02 0.000000000000000000e+00
3.799999999999999906e-02 1.633549999999999898e+02 0.000000000000000000e+00
3.899999999999999994e-02 1.677700000000000102e+02 0.000000000000000000e+00
4.000000000000000083e-02 1.721850000000000023e+02 0.000000000000000000e+00
4.100000000000000172e-02 1.765999999999999943e+02 0.000000000000000000e+00
4.200000000000000261e-02 1.810149999999999864e+02 0.000000000000000000e+00
4.299999999999999656e-02 1.854300000000000068e+02 0.000000000000000000e+00
4.399999999999999745e-02 1.898449999999999989e+02 0.000000000000000000e+00
4.499999999999999833e-02 1.942599999999999909e+02 0.000000000000000000e+00
4.599999999999999922e-02 1.986750000000000114e+02 0.000000000000000000e+00
4.700000000000000011e-02 2.030910000000000082e+02 0.000000000000000000e+00
4.800000000000000100e-02 2.075060000000000002e+02 0.000000000000000000e+00
4.900000000000000189e-02 2.119209999999999923e+02 0.000000000000000000e+00
5.000000000000000278e-02 2.163360000000000127e+02 0.000000000000000000e+00
5.099999999999999672e-02 2.207510000000000048e+02 0.000000000000000000e+00
5.199999999999999761e-02 2.251659999999999968e+02 0.000000000000000000e+00
5.299999999999999850e-02 2.295809999999999889e+02 0.000000000000000000e+00
5.399999999999999939e-02 2.339960000000000093e+02 0.000000000000000000e+00
5.500000000000000028e-02 2.384110000000000014e+02 0.000000000000000000e+00
5.600000000000000117e-02 2.428259999999999934e+02 0.000000000000000000e+00
5.700000000000000205e-02 2.472410000000000139e+02 0.000000000000000000e+00
5.800000000000000294e-02 2.516560000000000059e+02 0.000000000000000000e+00
5.899999999999999689e-02 2.560710000000000264e+02 0.000000000000000000e+00
5.999999999999999778e-02 2.604859999999999900e+02 0.000000000000000000e+00
6.099999999999999867e-02 2.649010000000000105e+02 0.000000000000000000e+00
6.199999999999999956e-02 2.693159999999999741e+02 0.000000000000000000e+00
6.300000000000000044e-02 2.737309999999999945e+02 0.000000000000000000e+00
6.400000000000000133e-02 2.781460000000000150e+02 0.000000000000000000e+00
6.500000000000000222e-02 2.825609999999999786e+02 0.000000000000000000e+00
6.600000000000000311e-02 2.869759999999999991e+02 0.000000000000000000e+00
6.700000000000000400e-02 2.913910000000000196e+02 0.000000000000000000e+00
6.800000000000000488e-02 2.958059999999999832e+02 0.000000000000000000e+00
6.900000000000000577e-02 3.002210000000000036e+02 0.000000000000000000e+00
7.000000000000000666e-02 3.046360000000000241e+02 0.000000000000000000e+00
7.099999999999999367e-02 3.090509999999999877e+02 0.000000000000000000e+00
7.199999999999999456e-02 3.134660000000000082e+02 0.000000000000000000e+00
7.299999999999999545e-02 3.178809999999999718e+02 0.000000000000000000e+00
7.399999999999999634e-02 3.222959999999999923e+02 0.000000000000000000e+00
7.499999999999999722e-02 3.267110000000000127e+02 0.000000000000000000e+00
7.599999999999999811e-02 3.311259999999999764e+02 0.000000000000000000e+00
7.699999999999999900e-02 3.355409999999999968e+02 0.000000000000000000e+00
7.799999999999999989e-02 3.399560000000000173e+02 0.000000000000000000e+00
7.900000000000000078e-02 3.443709999999999809e+02 0.000000000000000000e+00
8.000000000000000167e-02 3.487860000000000014e+02 0.000000000000000000e+00
8.100000000000000255e-02 3.532010000000000218e+02 0.000000000000000000e+00
8.200000000000000344e-02 3.576159999999999854e+02 0.000000000000000000e+00
8.300000000000000433e-02 3.620310000000000059e+02 0.000000000000000000e+00
8.400000000000000522e-02 3.664460000000000264e+02 0.000000000000000000e+00
8.500000000000000611e-02 3.708609999999999900e+02 0.000000000000000000e+00
8.599999999999999312e-02 3.752760000000000105e+02 0.000000000000000000e+00
8.699999999999999400e-02 3.796909999999999741e+02 0.000000000000000000e+00
8.799999999999999489e-02 3.841059999999999945e+02 0.000000000000000000e+00
8.899999999999999578e-02 3.885210000000000150e+02 0.000000000000000000e+00
8.999999999999999667e-02 3.929359999999999786e+02 0.000000000000000000e+00
9.099999999999999756e-02 3.973509999999999991e+02 0.000000000000000000e+00
9.199999999999999845e-02 4.017660000000000196e+02 0.000000000000000000e+00
9.299999999999999933e-02 4.061809999999999832e+02 0.000000000000000000e+00
9.400000000000000022e-02 4.105960000000000036e+02 0.000000000000000000e+00
9.500000000000000111e-02 4.150110000000000241e+02 0.000000000000000000e+00
9.600000000000000200e-02 4.194259999999999877e+02 0.000000000000000000e+00
9.700000000000000289e-02 4.238410000000000082e+02 0.000000000000000000e+00
9.800000000000000377e-02 4.282559999999999718e+02 0.000000000000000000e+00
9.900000000000000466e-02 4.326709999999999923e+02 0.000000000000000000e+00
1.000000000000000056e-01 4.370860000000000127e+02 0.000000000000000000e+00
1.010000000000000064e-01 4.415009999999999764e+02 0.000000000000000000e+00
1.019999999999999934e-01 4.459159999999999968e+02 0.000000000000000000e+00
1.029999999999999943e-01 4.503310000000000173e+02 0.000000000000000000e+00
1.039999999999999952e-01 4.547459999999999809e+02 0.000000000000000000e+00
1.049999999999999961e-01 4.591610000000000014e+02 0.000000000000000000e+00
1.059999999999999970e-01 4.635760000000000218e+02 0.000000000000000000e+00
1.069999999999999979e-01 4.679909999999999854e+02 0.000000000000000000e+00
1.079999999999999988e-01 4.724060000000000059e+02 0.000000000000000000e+00
1.089999999999999997e-01 4.768210000000000264e+02 0.000000000000000000e+00
1.100000000000000006e-01 4.812359999999999900e+02 0.000000000000000000e+00
1.110000000000000014e-01 4.856510000000000105e+02 0.000000000000000000e+00
1.120000000000000023e-01 4.900659999999999741e+02 0.000000000000000000e+00
1.130000000000000032e-01 4.944809999999999945e+02 0.000000000000000000e+00
1.140000000000000041e-01 4.988960000000000150e+02 0.000000000000000000e+00
1.150000000000000050e-01 5.033109999999999786e+02 0.000000000000000000e+00
1.160000000000000059e-01 5.077259999999999991e+02 0.000000000000000000e+00
1.170000000000000068e-01 5.121409999999999627e+02 0.000000000000000000e+00
1.179999999999999938e-01 5.165560000000000400e+02 0.000000000000000000e+00
1.189999999999999947e-01 5.209710000000000036e+02 0.000000000000000000e+00
1.199999999999999956e-01 5.253859999999999673e+02 0.000000000000000000e+00
1.209999999999999964e-01 5.298010000000000446e+02 0.000000000000000000e+00
1.219999999999999973e-01 5.342160000000000082e+02 0.000000000000000000e+00
1.229999999999999982e-01 5.386309999999999718e+02 0.000000000000000000e+00
1.239999999999999991e-01 5.430460000000000491e+02 0.000000000000000000e+00
1.250000000000000000e-01 5.474610000000000127e+02 0.000000000000000000e+00
1.260000000000000009e-01 5.518759999999999764e+02 0.000000000000000000e+00
1.270000000000000018e-01 5.562910000000000537e+02 0.000000000000000000e+00
1.280000000000000027e-01 5.607060000000000173e+02 0.000000000000000000e+00
1.290000000000000036e-01 5.651209999999999809e+02 0.000000000000000000e+00
1.300000000000000044e-01 5.695359999999999445e+02 0.000000000000000000e+00
1.310000000000000053e-01 5.739510000000000218e+02 0.000000000000000000e+00
1.320000000000000062e-01 5.783659999999999854e+02 0.000000000000000000e+00
1.330000000000000071e-01 5.827809999999999491e+02 0.000000000000000000e+00
1.340000000000000080e-01 5.871960000000000264e+02 0.000000000000000000e+00
1.350000000000000089e-01 5.916109999999999900e+02 0.000000000000000000e+00
1.360000000000000098e-01 5.960259999999999536e+02 0.000000000000000000e+00
1.370000000000000107e-01 6.004420000000000073e+02 0.000000000000000000e+00
1.380000000000000115e-01 6.048569999999999709e+02 0.000000000000000000e+00
1.390000000000000124e-01 6.092720000000000482e+02 0.000000000000000000e+00
1.400000000000000133e-01 6.136870000000000118e+02 0.000000000000000000e+00
1.409999999999999865e-01 6.181019999999999754e+02 0.000000000000000000e+00
1.419999999999999873e-01 6.225170000000000528e+02 0.000000000000000000e+00
1.429999999999999882e-01 6.269320000000000164e+02 0.000000000000000000e+00
1.439999999999999891e-01 6.313469999999999800e+02 0.000000000000000000e+00
1.449999999999999900e-01 6.357619999999999436e+02 0.000000000000000000e+00
1.459999999999999909e-01 6.401770000000000209e+02 0.000000000000000000e+00
1.469999999999999918e-01 6.445919999999999845e+02 0.000000000000000000e+00
1.479999999999999927e-01 6.490069999999999482e+02 0.000000000000000000e+00
1.489999999999999936e-01 6.534220000000000255e+02 0.000000000000000000e+00
1.499999999999999944e-01 6.578369999999999891e+02 0.000000000000000000e+00
1.509999999999999953e-01 6.622519999999999527e+02 0.000000000000000000e+00
1.519999999999999962e-01 6.666670000000000300e+02 0.000000000000000000e+00
1.529999999999999971e-01 6.710819999999999936e+02 0.000000000000000000e+00
1.539999999999999980e-01 6.754969999999999573e+02 0.000000000000000000e+00
1.549999999999999989e-01 6.799120000000000346e+02 0.000000000000000000e+00
1.559999999999999998e-01 6.843269999999999982e+02 0.000000000000000000e+00
1.570000000000000007e-01 6.887419999999999618e+02 0.000000000000000000e+00
1.580000000000000016e-01 6.931570000000000391e+02 0.000000000000000000e+00
1.590000000000000024e-01 6.975720000000000027e+02 0.000000000000000000e+00
1.600000000000000033e-01 7.019869999999999663e+02 0.000000000000000000e+00
1.610000000000000042e-01 7.064020000000000437e+02 0.000000000000000000e+00
1.620000000000000051e-01 7.108170000000000073e+02 0.000000000000000000e+00
1.630000000000000060e-01 7.152319999999999709e+02 0.000000000000000000e+00
1.640000000000000069e-01 7.196470000000000482e+02 0.000000000000000000e+00
1.650000000000000078e-01 7.240620000000000118e+02 0.000000000000000000e+00
1.660000000000000087e-01 7.284769999999999754e+02 0.000000000000000000e+00
1.670000000000000095e-01 7.328920000000000528e+02 0.000000000000000000e+00
1.680000000000000104e-01 7.373070000000000164e+02 0.000000000000000000e+00
1.690000000000000113e-01 7.417219999999999800e+02 0.000000000000000000e+00
1.700000000000000122e-01 7.461369999999999436e+02 0.000000000000000000e+00
1.710000000000000131e-01 7.505520000000000209e+02 0.000000000000000000e+00
1.719999999999999862e-01 7.549669999999999845e+02 0.000000000000000000e+00
1.729999999999999871e-01 7.593819999999999482e+02 0.000000000000000000e+00
1.739999999999999880e-01 7.637970000000000255e+02 0.000000000000000000e+00
1.749999999999999889e-01 7.682119999999999891e+02 0.000000000000000000e+00
1.759999999999999898e-01 7.726269999999999527e+02 0.000000000000000000e+00
1.769999999999999907e-01 7.770420000000000300e+02 0.000000000000000000e+00
1.779999999999999916e-01 7.814569999999999936e+02 0.000000000000000000e+00
1.789999999999999925e-01 7.858719999999999573e+02 0.000000000000000000e+00
1.799999999999999933e-01 7.902870000000000346e+02 0.000000000000000000e+00
1.809999999999999942e-01 7.947019999999999982e+02 0.000000000000000000e+00
1.819999999999999951e-01 7.991169999999999618e+02 0.000000000000000000e+00
1.829999999999999960e-01 8.035320000000000391e+02 0.000000000000000000e+00
1.839999999999999969e-01 8.079470000000000027e+02 0.000000000000000000e+00
1.849999999999999978e-01 8.123619999999999663e+02 0.000000000000000000e+00
1.859999999999999987e-01 8.167770000000000437e+02 0.000000000000000000e+00
1.869999999999999996e-01 8.211920000000000073e+02 0.000000000000000000e+00
1.880000000000000004e-01 8.256069999999999709e+02 0.000000000000000000e+00
1.890000000000000013e-01 8.300220000000000482e+02 0.000000000000000000e+00
1.900000000000000022e-01 8.344370000000000118e+02 0.000000000000000000e+00
1.910000000000000031e-01 8.388519999999999754e+02 0.000000000000000000e+00
1.920000000000000040e-01 8.432670000000000528e+02 0.000000000000000000e+00
1.930000000000000049e-01 8.476820000000000164e+02 0.000000000000000000e+00
1.940000000000000058e-01 8.520969999999999800e+02 0.000000000000000000e+00
1.950000000000000067e-01 8.565119999999999436e+02 0.000000000000000000e+00
1.960000000000000075e-01 8.609270000000000209e+02 0.000000000000000000e+00
1.970000000000000084e-01 8.653419999999999845e+02 0.000000000000000000e+00
1.980000000000000093e-01 8.697569999999999482e+02 0.000000000000000000e+00
1.990000000000000102e-01 8.741720000000000255e+02 0.000000000000000000e+00
2.000000000000000111e-01 8.785869999999999891e+02 0.000000000000000000e+00
2.010000000000000120e-01 8.830019999999999527e+02 0.000000000000000000e+00
2.020000000000000129e-01 8.874170000000000300e+02 0.000000000000000000e+00
2.030000000000000138e-01 8.918319999999999936e+02 0.000000000000000000e+00
2.039999999999999869e-01 8.962469999999999573e+02 0.000000000000000000e+00
2.049999999999999878e-01 9.006620000000000346e+02 0.000000000000000000e+00
2.059999999999999887e-01 9.050769999999999982e+02 0.000000000000000000e+00
2.069999999999999896e-01 9.094919999999999618e+02 0.000000000000000000e+00
2.079999999999999905e-01 9.139070000000000391e+02 0.000000000000000000e+00
2.089999999999999913e-01 9.183220000000000027e+02 0.000000000000000000e+00
2.099999999999999922e-01 9.227369999999999663e+02 0.000000000000000000e+00
2.109999999999999931e-01 9.271520000000000437e+02 0.000000000000000000e+00
2.119999999999999940e-01 9.315670000000000073e+02 0.000000000000000000e+00
2.129999999999999949e-01 9.359819999999999709e+02 0.000000000000000000e+00
2.139999999999999958e-01 9.403970000000000482e+02 0.000000000000000000e+00
2.149999999999999967e-01 9.448120000000000118e+02 0.000000000000000000e+00
2.159999999999999976e-01 9.492269999999999754e+02 0.000000000000000000e+00
2.169999999999999984e-01 9.536420000000000528e+02 0.000000000000000000e+00
2.179999999999999993e-01 9.580570000000000164e+02 0.000000000000000000e+00
2.190000000000000002e-01 9.624719999999999800e+02 0.000000000000000000e+00
2.200000000000000011e-01 9.668869999999999436e+02 0.000000000000000000e+00
2.210000000000000020e-01 9.713020000000000209e+02 0.000000000000000000e+00
2.220000000000000029e-01 9.757169999999999845e+02 0.000000000000000000e+00
2.230000000000000038e-01 9.801319999999999482e+02 0.000000000000000000e+00
2.240000000000000047e-01 9.845470000000000255e+02 0.000000000000000000e+00
2.250000000000000056e-01 9.889619999999999891e+02 0.000000000000000000e+00
2.260000000000000064e-01 9.933769999999999527e+02 0.000000000000000000e+00
2.270000000000000073e-01 9.977920000000000300e+02 0.000000000000000000e+00
2.280000000000000082e-01 1.002210000000000036e+03 0.000000000000000000e+00
2.290000000000000091e-01 1.006620000000000005e+03 0.000000000000000000e+00
2.300000000000000100e-01 1.011039999999999964e+03 0.000000000000000000e+00
2.310000000000000109e-01 1.015450000000000045e+03 0.000000000000000000e+00
2.320000000000000118e-01 1.019870000000000005e+03 0.000000000000000000e+00
2.330000000000000127e-01 1.024279999999999973e+03 0.000000000000000000e+00
2.340000000000000135e-01 1.028700000000000045e+03 0.000000000000000000e+00
2.349999999999999867e-01 1.033109999999999900e+03 0.000000000000000000e+00
2.359999999999999876e-01 1.037529999999999973e+03 0.000000000000000000e+00
2.369999999999999885e-01 1.041940000000000055e+03 0.000000000000000000e+00
2.379999999999999893e-01 1.046359999999999900e+03 0.000000000000000000e+00
2.389999999999999902e-01 1.050769999999999982e+03 0.000000000000000000e+00
2.399999999999999911e-01 1.055190000000000055e+03 0.000000000000000000e+00
2.409999999999999920e-01 1.059599999999999909e+03 0.000000000000000000e+00
2.419999999999999929e-01 1.064019999999999982e+03 0.000000000000000000e+00
2.429999999999999938e-01 1.068430000000000064e+03 0.000000000000000000e+00
2.439999999999999947e-01 1.072849999999999909e+03 0.000000000000000000e+00
2.449999999999999956e-01 1.077259999999999991e+03 0.000000000000000000e+00
2.459999999999999964e-01 1.081680000000000064e+03 0.000000000000000000e+00
2.469999999999999973e-01 1.086089999999999918e+03 0.000000000000000000e+00
2.479999999999999982e-01 1.090509999999999991e+03 0.000000000000000000e+00
2.489999999999999991e-01 1.094920000000000073e+03 0.000000000000000000e+00
2.500000000000000000e-01 1.099339999999999918e+03 0.000000000000000000e+00
2.510000000000000009e-01 1.103750000000000000e+03 0.000000000000000000e+00
2.520000000000000018e-01 1.108170000000000073e+03 0.000000000000000000e+00
2.530000000000000027e-01 1.112579999999999927e+03 0.000000000000000000e+00
2.540000000000000036e-01 1.117000000000000000e+03 0.000000000000000000e+00
2.550000000000000044e-01 1.121410000000000082e+03 0.000000000000000000e+00
2.560000000000000053e-01 1.125829999999999927e+03 0.000000000000000000e+00
2.570000000000000062e-01 1.130240000000000009e+03 0.000000000000000000e+00
2.580000000000000071e-01 1.134660000000000082e+03 0.000000000000000000e+00
2.590000000000000080e-01 1.139069999999999936e+03 0.000000000000000000e+00
2.600000000000000089e-01 1.143490000000000009e+03 0.000000000000000000e+00
2.610000000000000098e-01 1.147900000000000091e+03 0.000000000000000000e+00
2.620000000000000107e-01 1.152319999999999936e+03 0.000000000000000000e+00
2.630000000000000115e-01 1.156730000000000018e+03 0.000000000000000000e+00
2.640000000000000124e-01 1.161150000000000091e+03 0.000000000000000000e+00
2.650000000000000133e-01 1.165559999999999945e+03 0.000000000000000000e+00
2.660000000000000142e-01 1.169980000000000018e+03 0.000000000000000000e+00
2.670000000000000151e-01 1.174390000000000100e+03 0.000000000000000000e+00
2.680000000000000160e-01 1.178809999999999945e+03 0.000000000000000000e+00
2.690000000000000169e-01 1.183220000000000027e+03 0.000000000000000000e+00
2.700000000000000178e-01 1.187640000000000100e+03 0.000000000000000000e+00
2.710000000000000187e-01 1.192049999999999955e+03 0.000000000000000000e+00
2.720000000000000195e-01 1.196470000000000027e+03 0.000000000000000000e+00
2.730000000000000204e-01 1.200880000000000109e+03 0.000000000000000000e+00
2.740000000000000213e-01 1.205299999999999955e+03 0.000000000000000000e+00
2.750000000000000222e-01 1.209710000000000036e+03 0.000000000000000000e+00
2.760000000000000231e-01 1.214130000000000109e+03 0.000000000000000000e+00
2.770000000000000240e-01 1.218539999999999964e+03 0.000000000000000000e+00
2.780000000000000249e-01 1.222960000000000036e+03 0.000000000000000000e+00
2.790000000000000258e-01 1.227369999999999891e+03 0.000000000000000000e+00
2.800000000000000266e-01 1.231789999999999964e+03 0.000000000000000000e+00
2.810000000000000275e-01 1.236200000000000045e+03 0.000000000000000000e+00
2.819999999999999729e-01 1.240619999999999891e+03 0.000000000000000000e+00
2.829999999999999738e-01 1.245029999999999973e+03 0.000000000000000000e+00
2.839999999999999747e-01 1.249450000000000045e+03 0.000000000000000000e+00
2.849999999999999756e-01 1.253859999999999900e+03 0.000000000000000000e+00
2.859999999999999765e-01 1.258279999999999973e+03 0.000000000000000000e+00
2.869999999999999774e-01 1.262690000000000055e+03 0.000000000000000000e+00
2.879999999999999782e-01 1.267109999999999900e+03 0.000000000000000000e+00
2.889999999999999791e-01 1.271519999999999982e+03 0.000000000000000000e+00
2.899999999999999800e-01 1.275940000000000055e+03 0.000000000000000000e+00
2.909999999999999809e-01 1.280349999999999909e+03 0.000000000000000000e+00
2.919999999999999818e-01 1.284769999999999982e+03 0.000000000000000000e+00
2.929999999999999827e-01 1.289180000000000064e+03 0.000000000000000000e+00
2.939999999999999836e-01 1.293599999999999909e+03 0.000000000000000000e+00
2.949999999999999845e-01 1.298009999999999991e+03 0.000000000000000000e+00
2.959999999999999853e-01 1.302430000000000064e+03 0.000000000000000000e+00
2.969999999999999862e-01 1.306839999999999918e+03 0.000000000000000000e+00
2.979999999999999871e-01 1.311259999999999991e+03 0.000000000000000000e+00
2.989999999999999880e-01 1.315670000000000073e+03 0.000000000000000000e+00
2.999999999999999889e-01 1.320089999999999918e+03 0.000000000000000000e+00
3.009999999999999898e-01 1.324500000000000000e+03 0.000000000000000000e+00
3.019999999999999907e-01 1.328920000000000073e+03 0.000000000000000000e+00
3.029999999999999916e-01 1.333329999999999927e+03 0.000000000000000000e+00
3.039999999999999925e-01 1.337750000000000000e+03 0.000000000000000000e+00
3.049999999999999933e-01 1.342160000000000082e+03 0.000000000000000000e+00
3.059999999999999942e-01 1.346579999999999927e+03 0.000000000000000000e+00
3.069999999999999951e-01 1.350990000000000009e+03 0.000000000000000000e+00
3.079999999999999960e-01 1.355410000000000082e+03 0.000000000000000000e+00
3.089999999999999969e-01 1.359819999999999936e+03 0.000000000000000000e+00
3.099999999999999978e-01 1.364240000000000009e+03 0.000000000000000000e+00
3.109999999999999987e-01 1.368650000000000091e+03 0.000000000000000000e+00
3.119999999999999996e-01 1.373069999999999936e+03 0.000000000000000000e+00
3.130000000000000004e-01 1.377480000000000018e+03 0.000000000000000000e+00
3.140000000000000013e-01 1.381900000000000091e+03 0.000000000000000000e+00
3.150000000000000022e-01 1.386309999999999945e+03 0.000000000000000000e+00
3.160000000000000031e-01 1.390730000000000018e+03 0.000000000000000000e+00
3.170000000000000040e-01 1.395140000000000100e+03 0.000000000000000000e+00
3.180000000000000049e-01 1.399559999999999945e+03 0.000000000000000000e+00
3.190000000000000058e-01 1.403970000000000027e+03 0.000000000000000000e+00
3.200000000000000067e-01 1.408390000000000100e+03 0.000000000000000000e+00
3.210000000000000075e-01 1.412799999999999955e+03 0.000000000000000000e+00
3.220000000000000084e-01 1.417220000000000027e+03 0.000000000000000000e+00
3.230000000000000093e-01 1.421630000000000109e+03 0.000000000000000000e+00
3.240000000000000102e-01 1.426049999999999955e+03 0.000000000000000000e+00
3.250000000000000111e-01 1.430460000000000036e+03 0.000000000000000000e+00
3.260000000000000120e-01 1.434880000000000109e+03 0.000000000000000000e+00
3.270000000000000129e-01 1.439289999999999964e+03 0.000000000000000000e+00
3.280000000000000138e-01 1.443710000000000036e+03 0.000000000000000000e+00
3.290000000000000147e-01 1.448119999999999891e+03 0.000000000000000000e+00
3.300000000000000155e-01 1.452539999999999964e+03 0.000000000000000000e+00
3.310000000000000164e-01 1.456950000000000045e+03 0.000000000000000000e+00
3.320000000000000173e-01 1.461369999999999891e+03 0.000000000000000000e+00
3.330000000000000182e-01 1.465779999999999973e+03 0.000000000000000000e+00
3.340000000000000191e-01 1.470200000000000045e+03 0.000000000000000000e+00
3.350000000000000200e-01 1.474609999999999900e+03 0.000000000000000000e+00
3.360000000000000209e-01 1.479029999999999973e+03 0.000000000000000000e+00
3.370000000000000218e-01 1.483440000000000055e+03 0.000000000000000000e+00
3.380000000000000226e-01 1.487859999999999900e+03 0.000000000000000000e+00
3.390000000000000235e-01 1.492269999999999982e+03 0.000000000000000000e+00
3.400000000000000244e-01 1.496690000000000055e+03 0.000000000000000000e+00
3.410000000000000253e-01 1.501099999999999909e+03 0.000000000000000000e+00
3.420000000000000262e-01 1.505519999999999982e+03 0.000000000000000000e+00
3.430000000000000271e-01 1.509930000000000064e+03 0.000000000000000000e+00
3.439999999999999725e-01 1.514349999999999909e+03 0.000000000000000000e+00
3.449999999999999734e-01 1.518759999999999991e+03 0.000000000000000000e+00
3.459999999999999742e-01 1.523180000000000064e+03 0.000000000000000000e+00
3.469999999999999751e-01 1.527589999999999918e+03 0.000000000000000000e+00
3.479999999999999760e-01 1.532009999999999991e+03 0.000000000000000000e+00
3.489999999999999769e-01 1.536420000000000073e+03 0.000000000000000000e+00
3.499999999999999778e-01 1.540839999999999918e+03 0.000000000000000000e+00
3.509999999999999787e-01 1.545250000000000000e+03 0.000000000000000000e+00
3.519999999999999796e-01 1.549670000000000073e+03 0.000000000000000000e+00
3.529999999999999805e-01 1.554079999999999927e+03 0.000000000000000000e+00
3.539999999999999813e-01 1.558500000000000000e+03 0.000000000000000000e+00
3.549999999999999822e-01 1.562910000000000082e+03 0.000000000000000000e+00
3.559999999999999831e-01 1.567329999999999927e+03 0.000000000000000000e+00
3.569999999999999840e-01 1.571740000000000009e+03 0.000000000000000000e+00
3.579999999999999849e-01 1.576160000000000082e+03 0.000000000000000000e+00
3.589999999999999858e-01 1.580569999999999936e+03 0.000000000000000000e+00
3.599999999999999867e-01 1.584990000000000009e+03 0.000000000000000000e+00
3.609999999999999876e-01 1.589400000000000091e+03 0.000000000000000000e+00
3.619999999999999885e-01 1.593819999999999936e+03 9.999999999999999547e-07
3.629999999999999893e-01 1.598230000000000018e+03 9.999999999999999547e-07
3.639999999999999902e-01 1.602650000000000091e+03 9.999999999999999547e-07
3.649999999999999911e-01 1.607059999999999945e+03 9.999999999999999547e-07
3.659999999999999920e-01 1.611480000000000018e+03 9.999999999999999547e-07
3.669999999999999929e-01 1.615890000000000100e+03 1.999999999999999909e-06
3.679999999999999938e-01 1.620309999999999945e+03 1.999999999999999909e-06
3.689999999999999947e-01 1.624720000000000027e+03 1.999999999999999909e-06
3.699999999999999956e-01 1.629140000000000100e+03 3.000000000000000076e-06
3.709999999999999964e-01 1.633549999999999955e+03 3.000000000000000076e-06
3.719999999999999973e-01 1.637970000000000027e+03 3.999999999999999819e-06
3.729999999999999982e-01 1.642380000000000109e+03 5.000000000000000409e-06
3.739999999999999991e-01 1.646799999999999955e+03 5.000000000000000409e-06
3.750000000000000000e-01 1.651210000000000036e+03 6.999999999999999895e-06
3.760000000000000009e-01 1.655630000000000109e+03 7.999999999999999638e-06
3.770000000000000018e-01 1.660039999999999964e+03 9.000000000000000228e-06
3.780000000000000027e-01 1.664460000000000036e+03 1.099999999999999971e-05
3.790000000000000036e-01 1.668869999999999891e+03 1.299999999999999920e-05
3.800000000000000044e-01 1.673289999999999964e+03 1.599999999999999928e-05
3.810000000000000053e-01 1.677700000000000045e+03 1.900000000000000105e-05
3.820000000000000062e-01 1.682119999999999891e+03 2.300000000000000002e-05
3.830000000000000071e-01 1.686529999999999973e+03 2.699999999999999899e-05
3.840000000000000080e-01 1.690950000000000045e+03 3.199999999999999855e-05
3.850000000000000089e-01 1.695359999999999900e+03 3.800000000000000209e-05
3.860000000000000098e-01 1.699779999999999973e+03 4.500000000000000283e-05
3.870000000000000107e-01 1.704190000000000055e+03 5.399999999999999798e-05
3.880000000000000115e-01 1.708609999999999900e+03 6.299999999999999990e-05
3.890000000000000124e-01 1.713019999999999982e+03 7.499999999999999343e-05
3.900000000000000133e-01 1.717440000000000055e+03 8.899999999999999491e-05
3.910000000000000142e-01 1.721849999999999909e+03 1.050000000000000044e-04
3.920000000000000151e-01 1.726269999999999982e+03 1.250000000000000026e-04
3.930000000000000160e-01 1.730680000000000064e+03 1.469999999999999953e-04
3.940000000000000169e-01 1.735099999999999909e+03 1.740000000000000010e-04
3.950000000000000178e-01 1.739509999999999991e+03 2.049999999999999956e-04
3.960000000000000187e-01 1.743930000000000064e+03 2.420000000000000005e-04
3.970000000000000195e-01 1.748339999999999918e+03 2.849999999999999886e-04
3.980000000000000204e-01 1.752759999999999991e+03 3.359999999999999814e-04
3.990000000000000213e-01 1.757170000000000073e+03 3.950000000000000061e-04
4.000000000000000222e-01 1.761589999999999918e+03 4.650000000000000270e-04
4.010000000000000231e-01 1.766000000000000000e+03 5.460000000000000443e-04
4.020000000000000240e-01 1.770420000000000073e+03 6.409999999999999682e-04
4.030000000000000249e-01 1.774829999999999927e+03 7.519999999999999558e-04
4.040000000000000258e-01 1.779250000000000000e+03 8.819999999999999715e-04
4.050000000000000266e-01 1.783660000000000082e+03 1.033999999999999980e-03
4.060000000000000275e-01 1.788079999999999927e+03 1.211000000000000054e-03
4.069999999999999729e-01 1.792490000000000009e+03 1.417000000000000074e-03
4.079999999999999738e-01 1.796910000000000082e+03 1.655999999999999920e-03
4.089999999999999747e-01 1.801319999999999936e+03 1.936000000000000004e-03
4.099999999999999756e-01 1.805740000000000009e+03 2.259999999999999856e-03
4.109999999999999765e-01 1.810150000000000091e+03 2.638000000000000154e-03
4.119999999999999774e-01 1.814569999999999936e+03 3.076000000000000175e-03
4.129999999999999782e-01 1.818980000000000018e+03 3.583999999999999946e-03
4.139999999999999791e-01 1.823400000000000091e+03 4.172999999999999626e-03
4.149999999999999800e-01 1.827809999999999945e+03 4.856000000000000073e-03
4.159999999999999809e-01 1.832230000000000018e+03 5.647000000000000110e-03
4.169999999999999818e-01 1.836640000000000100e+03 6.562000000000000124e-03
4.179999999999999827e-01 1.841059999999999945e+03 7.618999999999999904e-03
4.189999999999999836e-01 1.845470000000000027e+03 8.840999999999999900e-03
4.199999999999999845e-01 1.849890000000000100e+03 1.025200000000000070e-02
4.209999999999999853e-01 1.854299999999999955e+03 1.187999999999999994e-02
4.219999999999999862e-01 1.858720000000000027e+03 1.375600000000000087e-02
4.229999999999999871e-01 1.863130000000000109e+03 1.591800000000000159e-02
4.239999999999999880e-01 1.867549999999999955e+03 1.840699999999999975e-02
4.249999999999999889e-01 1.871960000000000036e+03 2.126899999999999971e-02
4.259999999999999898e-01 1.876380000000000109e+03 2.455999999999999850e-02
4.269999999999999907e-01 1.880789999999999964e+03 2.833899999999999961e-02
4.279999999999999916e-01 1.885210000000000036e+03 3.267799999999999871e-02
4.289999999999999925e-01 1.889619999999999891e+03 3.765500000000000097e-02
4.299999999999999933e-01 1.894039999999999964e+03 4.335900000000000171e-02
4.309999999999999942e-01 1.898450000000000045e+03 4.989199999999999885e-02
4.319999999999999951e-01 1.902869999999999891e+03 5.736900000000000333e-02
4.329999999999999960e-01 1.907279999999999973e+03 6.592099999999999349e-02
4.339999999999999969e-01 1.911700000000000045e+03 7.569399999999999740e-02
4.349999999999999978e-01 1.916109999999999900e+03 8.685600000000000265e-02
4.359999999999999987e-01 1.920529999999999973e+03 9.959400000000000197e-02
4.369999999999999996e-01 1.924940000000000055e+03 1.141210000000000002e-01
4.380000000000000004e-01 1.929359999999999900e+03 1.306740000000000124e-01
4.390000000000000013e-01 1.933769999999999982e+03 1.495239999999999903e-01
4.400000000000000022e-01 1.938190000000000055e+03 1.709730000000000139e-01
4.410000000000000031e-01 1.942599999999999909e+03 1.953620000000000079e-01
4.420000000000000040e-01 1.947019999999999982e+03 2.230739999999999945e-01
4.430000000000000049e-01 1.951430000000000064e+03 2.545390000000000152e-01
4.440000000000000058e-01 1.955849999999999909e+03 2.902390000000000247e-01
4.450000000000000067e-01 1.960259999999999991e+03 3.307140000000000080e-01
4.460000000000000075e-01 1.964680000000000064e+03 3.765700000000000158e-01
4.470000000000000084e-01 1.969089999999999918e+03 4.284850000000000048e-01
4.480000000000000093e-01 1.973509999999999991e+03 4.872150000000000092e-01
4.490000000000000102e-01 1.977920000000000073e+03 5.536069999999999602e-01
4.500000000000000111e-01 1.982339999999999918e+03 6.286059999999999981e-01
4.510000000000000120e-01 1.986750000000000000e+03 7.132659999999999556e-01
4.520000000000000129e-01 1.991170000000000073e+03 8.087619999999999809e-01
4.530000000000000138e-01 1.995579999999999927e+03 9.164020000000000499e-01
4.540000000000000147e-01 1.993789999999999964e+03 1.037639999999999896e+00
4.550000000000000155e-01 1.993809999999999945e+03 1.174099999999999921e+00
4.560000000000000164e-01 1.993839999999999918e+03 1.327569999999999917e+00
4.570000000000000173e-01 1.993869999999999891e+03 1.500050000000000106e+00
4.580000000000000182e-01 1.993900000000000091e+03 1.693759999999999932e+00
4.590000000000000191e-01 1.993940000000000055e+03 1.911140000000000061e+00
4.600000000000000200e-01 1.993980000000000018e+03 2.154910000000000103e+00
4.610000000000000209e-01 1.994029999999999973e+03 2.428080000000000016e+00
4.620000000000000218e-01 1.994079999999999927e+03 2.733960000000000168e+00
4.630000000000000226e-01 1.994140000000000100e+03 3.076210000000000111e+00
4.640000000000000235e-01 1.994210000000000036e+03 3.458899999999999864e+00
4.650000000000000244e-01 1.994279999999999973e+03 3.886460000000000026e+00
4.660000000000000253e-01 1.994369999999999891e+03 4.363830000000000098e+00
4.670000000000000262e-01 1.994460000000000036e+03 4.896399999999999864e+00
4.680000000000000271e-01 1.994559999999999945e+03 5.490120000000000111e+00
4.689999999999999725e-01 1.994680000000000064e+03 6.151519999999999655e+00
4.699999999999999734e-01 1.994799999999999955e+03 6.887789999999999857e+00
4.709999999999999742e-01 1.994950000000000045e+03 7.706780000000000186e+00
4.719999999999999751e-01 1.995099999999999909e+03 8.617110000000000269e+00
4.729999999999999760e-01 1.995279999999999973e+03 9.628230000000000288e+00
4.739999999999999769e-01 1.995470000000000027e+03 1.075050000000000061e+01
4.749999999999999778e-01 1.995690000000000055e+03 1.199510000000000076e+01
4.759999999999999787e-01 1.995960000000000036e+03 1.337449999999999939e+01
4.769999999999999796e-01 1.996259999999999991e+03 1.490210000000000079e+01
4.779999999999999805e-01 1.996589999999999918e+03 1.659250000000000114e+01
4.789999999999999813e-01 1.996940000000000055e+03 1.846170000000000044e+01
4.799999999999999822e-01 1.997329999999999927e+03 2.052720000000000056e+01
4.809999999999999831e-01 1.997759999999999991e+03 2.280770000000000053e+01
4.819999999999999840e-01 1.998230000000000018e+03 2.532389999999999830e+01
4.829999999999999849e-01 1.998750000000000000e+03 2.809799999999999898e+01
4.839999999999999858e-01 1.999309999999999945e+03 3.115419999999999945e+01
4.849999999999999867e-01 1.999930000000000064e+03 3.451870000000000260e+01
4.859999999999999876e-01 2.000609999999999900e+03 3.821970000000000312e+01
4.869999999999999885e-01 2.001349999999999909e+03 4.228790000000000049e+01
4.879999999999999893e-01 2.002160000000000082e+03 4.675630000000000308e+01
4.889999999999999902e-01 2.003009999999999991e+03 5.166080000000000183e+01
4.899999999999999911e-01 2.003940000000000055e+03 5.703979999999999961e+01
4.909999999999999920e-01 2.004970000000000027e+03 6.293480000000000274e+01
4.919999999999999929e-01 2.006099999999999909e+03 6.939050000000000296e+01
4.929999999999999938e-01 2.007329999999999927e+03 7.645480000000000587e+01
4.939999999999999947e-01 2.008680000000000064e+03 8.417940000000000111e+01
4.949999999999999956e-01 2.010150000000000091e+03 9.261950000000000216e+01
4.959999999999999964e-01 2.011769999999999982e+03 1.018349999999999937e+02
4.969999999999999973e-01 2.013529999999999973e+03 1.118880000000000052e+02
4.979999999999999982e-01 2.015450000000000045e+03 1.228479999999999990e+02
4.989999999999999991e-01 2.017549999999999955e+03 1.347880000000000109e+02
5.000000000000000000e-01 2.019839999999999918e+03 1.477839999999999918e+02
5.010000000000000009e-01 2.022329999999999927e+03 1.619199999999999875e+02
5.020000000000000018e-01 2.025039999999999964e+03 1.772829999999999870e+02
5.030000000000000027e-01 2.028000000000000000e+03 1.939689999999999941e+02
5.040000000000000036e-01 2.031210000000000036e+03 2.120769999999999982e+02
5.050000000000000044e-01 2.034710000000000036e+03 2.317129999999999939e+02
5.060000000000000053e-01 2.038500000000000000e+03 2.529900000000000091e+02
5.070000000000000062e-01 2.042609999999999900e+03 2.760269999999999868e+02
5.080000000000000071e-01 2.047079999999999927e+03 3.009519999999999982e+02
5.090000000000000080e-01 2.051920000000000073e+03 3.278969999999999914e+02
5.100000000000000089e-01 2.057170000000000073e+03 3.570049999999999955e+02
5.110000000000000098e-01 2.062849999999999909e+03 3.884250000000000114e+02
5.120000000000000107e-01 2.069010000000000218e+03 4.223140000000000214e+02
5.130000000000000115e-01 2.075659999999999854e+03 4.588389999999999986e+02
5.140000000000000124e-01 2.082860000000000127e+03 4.981739999999999782e+02
5.150000000000000133e-01 2.090639999999999873e+03 5.405030000000000427e+02
5.160000000000000142e-01 2.099039999999999964e+03 5.860180000000000291e+02
5.170000000000000151e-01 2.108119999999999891e+03 6.349210000000000491e+02
5.180000000000000160e-01 2.117909999999999854e+03 6.874230000000000018e+02
5.190000000000000169e-01 2.128469999999999800e+03 7.437459999999999809e+02
5.200000000000000178e-01 2.139860000000000127e+03 8.041209999999999809e+02
5.210000000000000187e-01 2.152139999999999873e+03 8.687889999999999873e+02
5.220000000000000195e-01 2.165360000000000127e+03 9.380000000000000000e+02
5.230000000000000204e-01 2.179590000000000146e+03 1.012019999999999982e+03
5.240000000000000213e-01 2.194900000000000091e+03 1.091109999999999900e+03
5.250000000000000222e-01 2.211369999999999891e+03 1.175559999999999945e+03
5.260000000000000231e-01 2.229070000000000164e+03 1.265660000000000082e+03
5.270000000000000240e-01 2.248090000000000146e+03 1.361710000000000036e+03
5.280000000000000249e-01 2.268400000000000091e+03 1.464029999999999973e+03
5.290000000000000258e-01 2.290409999999999854e+03 1.572940000000000055e+03
5.300000000000000266e-01 2.313900000000000091e+03 1.688759999999999991e+03
5.310000000000000275e-01 2.339070000000000164e+03 1.811839999999999918e+03
5.320000000000000284e-01 2.366039999999999964e+03 1.942539999999999964e+03
5.330000000000000293e-01 2.394889999999999873e+03 2.081199999999999818e+03
5.340000000000000302e-01 2.425739999999999782e+03 2.228199999999999818e+03
5.350000000000000311e-01 2.458710000000000036e+03 2.383920000000000073e+03
5.360000000000000320e-01 2.493909999999999854e+03 2.548730000000000018e+03
5.370000000000000329e-01 2.531460000000000036e+03 2.723030000000000200e+03
5.380000000000000338e-01 2.571480000000000018e+03 2.907210000000000036e+03
5.390000000000000346e-01 2.614110000000000127e+03 3.101679999999999836e+03
5.400000000000000355e-01 2.659449999999999818e+03 3.306840000000000146e+03
5.410000000000000364e-01 2.707630000000000109e+03 3.523110000000000127e+03
5.420000000000000373e-01 2.758769999999999982e+03 3.750900000000000091e+03
5.430000000000000382e-01 2.813010000000000218e+03 3.990610000000000127e+03
5.440000000000000391e-01 2.870449999999999818e+03 4.242680000000000291e+03
5.450000000000000400e-01 2.931210000000000036e+03 4.507510000000000218e+03
5.460000000000000409e-01 2.995420000000000073e+03 4.785520000000000437e+03
5.470000000000000417e-01 3.063170000000000073e+03 5.077119999999999891e+03
5.480000000000000426e-01 3.134579999999999927e+03 5.382720000000000255e+03
5.490000000000000435e-01 3.209739999999999782e+03 5.702729999999999563e+03
5.500000000000000444e-01 3.288769999999999982e+03 6.037529999999999745e+03
5.510000000000000453e-01 3.371739999999999782e+03 6.387510000000000218e+03
5.520000000000000462e-01 3.458739999999999782e+03 6.753050000000000182e+03
5.530000000000000471e-01 3.549869999999999891e+03 7.134520000000000437e+03
5.540000000000000480e-01 3.645179999999999836e+03 7.532260000000000218e+03
5.550000000000000488e-01 3.744739999999999782e+03 7.946600000000000364e+03
5.560000000000000497e-01 3.848599999999999909e+03 8.377879999999999200e+03
5.570000000000000506e-01 3.956829999999999927e+03 8.826379999999999200e+03
5.580000000000000515e-01 4.069469999999999800e+03 9.292379999999999200e+03
5.590000000000000524e-01 4.186569999999999709e+03 9.776139999999999418e+03
5.600000000000000533e-01 4.308140000000000327e+03 1.027789999999999964e+04
5.610000000000000542e-01 4.434220000000000255e+03 1.079779999999999927e+04
5.620000000000000551e-01 4.564810000000000400e+03 1.133610000000000036e+04
5.629999999999999449e-01 4.699920000000000073e+03 1.189289999999999964e+04
5.639999999999999458e-01 4.839569999999999709e+03 1.246839999999999964e+04
5.649999999999999467e-01 4.983729999999999563e+03 1.306250000000000000e+04
5.659999999999999476e-01 5.132399999999999636e+03 1.367529999999999927e+04
5.669999999999999485e-01 5.285550000000000182e+03 1.430689999999999964e+04
5.679999999999999494e-01 5.441909999999999854e+03 1.495720000000000073e+04
5.689999999999999503e-01 5.605140000000000327e+03 1.562610000000000036e+04
5.699999999999999512e-01 5.771489999999999782e+03 1.631350000000000000e+04
5.709999999999999520e-01 5.942130000000000109e+03 1.701920000000000073e+04
5.719999999999999529e-01 6.117000000000000000e+03 1.774309999999999854e+04
5.729999999999999538e-01 6.296010000000000218e+03 1.848470000000000073e+04
5.739999999999999547e-01 6.479079999999999927e+03 1.924390000000000146e+04
5.749999999999999556e-01 6.666100000000000364e+03 2.002029999999999927e+04
5.759999999999999565e-01 6.856970000000000255e+03 2.081329999999999927e+04
5.769999999999999574e-01 7.051579999999999927e+03 2.162270000000000073e+04
5.779999999999999583e-01 7.203279999999999745e+03 2.244779999999999927e+04
5.789999999999999591e-01 7.357850000000000364e+03 2.328809999999999854e+04
5.799999999999999600e-01 7.514060000000000400e+03 2.414300000000000000e+04
5.809999999999999609e-01 7.671710000000000036e+03 2.501170000000000073e+04
5.819999999999999618e-01 7.830590000000000146e+03 2.589359999999999854e+04
5.829999999999999627e-01 7.990470000000000255e+03 2.678770000000000073e+04
5.839999999999999636e-01 8.151130000000000109e+03 2.769340000000000146e+04
5.849999999999999645e-01 8.312319999999999709e+03 2.860970000000000073e+04
5.859999999999999654e-01 8.473819999999999709e+03 2.953550000000000000e+04
5.869999999999999662e-01 8.635360000000000582e+03 3.047009999999999854e+04
5.879999999999999671e-01 8.799149999999999636e+03 3.142379999999999927e+04
5.889999999999999680e-01 8.972159999999999854e+03 3.243070000000000073e+04
5.899999999999999689e-01 9.135549999999999272e+03 3.340080000000000291e+04
5.909999999999999698e-01 9.289659999999999854e+03 3.433480000000000291e+04
5.919999999999999707e-01 9.434790000000000873e+03 3.523380000000000291e+04
5.929999999999999716e-01 9.571239999999999782e+03 3.609840000000000146e+04
5.939999999999999725e-01 9.699299999999999272e+03 3.692959999999999854e+04
5.949999999999999734e-01 9.819239999999999782e+03 3.772819999999999709e+04
5.959999999999999742e-01 9.931329999999999927e+03 3.849490000000000146e+04
5.969999999999999751e-01 1.003579999999999927e+04 3.923050000000000000e+04
5.979999999999999760e-01 1.013300000000000000e+04 3.993569999999999709e+04
5.989999999999999769e-01 1.022300000000000000e+04 4.061140000000000146e+04
5.999999999999999778e-01 1.030620000000000073e+04 4.125830000000000291e+04
6.009999999999999787e-01 1.038270000000000073e+04 4.187690000000000146e+04
6.019999999999999796e-01 1.045289999999999964e+04 4.246819999999999709e+04
6.029999999999999805e-01 1.051670000000000073e+04 4.303259999999999854e+04
6.039999999999999813e-01 1.057460000000000036e+04 4.357100000000000000e+04
6.049999999999999822e-01 1.062660000000000036e+04 4.408390000000000146e+04
6.059999999999999831e-01 1.067300000000000000e+04 4.457200000000000000e+04
6.069999999999999840e-01 1.071400000000000000e+04 4.503590000000000146e+04
6.079999999999999849e-01 1.074970000000000073e+04 4.547619999999999709e+04
6.089999999999999858e-01 1.078020000000000073e+04 4.589359999999999854e+04
6.099999999999999867e-01 1.080589999999999964e+04 4.628859999999999854e+04
6.109999999999999876e-01 1.082670000000000073e+04 4.666180000000000291e+04
6.119999999999999885e-01 1.084289999999999964e+04 4.701369999999999709e+04
6.129999999999999893e-01 1.085470000000000073e+04 4.734500000000000000e+04
6.139999999999999902e-01 1.086210000000000036e+04 4.765609999999999854e+04
6.149999999999999911e-01 1.086529999999999927e+04 4.794750000000000000e+04
6.159999999999999920e-01 1.086439999999999964e+04 4.821990000000000146e+04
6.169999999999999929e-01 1.085960000000000036e+04 4.847359999999999854e+04
6.179999999999999938e-01 1.085100000000000000e+04 4.870930000000000291e+04
6.189999999999999947e-01 1.083879999999999927e+04 4.892730000000000291e+04
6.199999999999999956e-01 1.082289999999999964e+04 4.912809999999999854e+04
6.209999999999999964e-01 1.080370000000000073e+04 4.931230000000000291e+04
6.219999999999999973e-01 1.078100000000000000e+04 4.948019999999999709e+04
6.229999999999999982e-01 1.075520000000000073e+04 4.963240000000000146e+04
6.239999999999999991e-01 1.072620000000000073e+04 4.976909999999999854e+04
6.250000000000000000e-01 1.069420000000000073e+04 4.989100000000000000e+04
6.260000000000000009e-01 1.065929999999999927e+04 4.999830000000000291e+04
6.270000000000000018e-01 1.062150000000000000e+04 5.009150000000000000e+04
6.280000000000000027e-01 1.058100000000000000e+04 5.017090000000000146e+04
6.290000000000000036e-01 1.053789999999999964e+04 5.023709999999999854e+04
6.300000000000000044e-01 1.049220000000000073e+04 5.029030000000000291e+04
6.310000000000000053e-01 1.044400000000000000e+04 5.033090000000000146e+04
6.320000000000000062e-01 1.039329999999999927e+04 5.035930000000000291e+04
6.330000000000000071e-01 1.034039999999999964e+04 5.037580000000000291e+04
6.340000000000000080e-01 1.028520000000000073e+04 5.038080000000000291e+04
6.350000000000000089e-01 1.022789999999999964e+04 5.037459999999999854e+04
6.360000000000000098e-01 1.016839999999999964e+04 5.035759999999999854e+04
6.370000000000000107e-01 1.010700000000000000e+04 5.033009999999999854e+04
6.380000000000000115e-01 1.004350000000000000e+04 5.029230000000000291e+04
6.390000000000000124e-01 9.978239999999999782e+03 5.024469999999999709e+04
6.400000000000000133e-01 9.911120000000000800e+03 5.018750000000000000e+04
6.410000000000000142e-01 9.842250000000000000e+03 5.012090000000000146e+04
6.420000000000000151e-01 9.771690000000000509e+03 5.004540000000000146e+04
6.430000000000000160e-01 9.699510000000000218e+03 4.996119999999999709e+04
6.440000000000000169e-01 9.625750000000000000e+03 4.986850000000000000e+04
6.450000000000000178e-01 9.550489999999999782e+03 4.976759999999999854e+04
6.460000000000000187e-01 9.473790000000000873e+03 4.965880000000000291e+04
6.470000000000000195e-01 9.449170000000000073e+03 4.954230000000000291e+04
6.480000000000000204e-01 9.424120000000000800e+03 4.941850000000000000e+04
6.490000000000000213e-01 9.397620000000000800e+03 4.928750000000000000e+04
6.500000000000000222e-01 9.369729999999999563e+03 4.914959999999999854e+04
6.510000000000000231e-01 9.340489999999999782e+03 4.900490000000000146e+04
6.520000000000000240e-01 9.309950000000000728e+03 4.885390000000000146e+04
6.530000000000000249e-01 9.277870000000000800e+03 4.869659999999999854e+04
6.540000000000000258e-01 9.245209999999999127e+03 4.853330000000000291e+04
6.550000000000000266e-01 9.211040000000000873e+03 4.836419999999999709e+04
6.560000000000000275e-01 9.175750000000000000e+03 4.818950000000000000e+04
6.570000000000000284e-01 9.139290000000000873e+03 4.800940000000000146e+04
6.580000000000000293e-01 9.101879999999999200e+03 4.782409999999999854e+04
6.590000000000000302e-01 9.063450000000000728e+03 4.763390000000000146e+04
6.600000000000000311e-01 9.024059999999999491e+03 4.743880000000000291e+04
6.610000000000000320e-01 8.983760000000000218e+03 4.723909999999999854e+04
6.620000000000000329e-01 8.942559999999999491e+03 4.703500000000000000e+04
6.630000000000000338e-01 8.900500000000000000e+03 4.682659999999999854e+04
6.640000000000000346e-01 8.857629999999999200e+03 4.661409999999999854e+04
6.650000000000000355e-01 8.813979999999999563e+03 4.639769999999999709e+04
6.660000000000000364e-01 8.769569999999999709e+03 4.617750000000000000e+04
6.670000000000000373e-01 8.724450000000000728e+03 4.595369999999999709e+04
6.680000000000000382e-01 8.678639999999999418e+03 4.572650000000000000e+04
6.690000000000000391e-01 8.632180000000000291e+03 4.549600000000000000e+04
6.700000000000000400e-01 8.585090000000000146e+03 4.526230000000000291e+04
6.710000000000000409e-01 8.537399999999999636e+03 4.502569999999999709e+04
6.720000000000000417e-01 8.489149999999999636e+03 4.478619999999999709e+04
6.730000000000000426e-01 8.440360000000000582e+03 4.454390000000000146e+04
6.740000000000000435e-01 8.391059999999999491e+03 4.429909999999999854e+04
6.750000000000000444e-01 8.341280000000000655e+03 4.405180000000000291e+04
6.760000000000000453e-01 8.291030000000000655e+03 4.380209999999999854e+04
6.770000000000000462e-01 8.240350000000000364e+03 4.355030000000000291e+04
6.780000000000000471e-01 8.189260000000000218e+03 4.329630000000000291e+04
6.790000000000000480e-01 8.137789999999999964e+03 4.304040000000000146e+04
6.800000000000000488e-01 8.085949999999999818e+03 4.278259999999999854e+04
6.810000000000000497e-01 8.033770000000000437e+03 4.252309999999999854e+04
6.820000000000000506e-01 7.981279999999999745e+03 4.226190000000000146e+04
6.830000000000000515e-01 7.928470000000000255e+03 4.199930000000000291e+04
6.840000000000000524e-01 7.875409999999999854e+03 4.173509999999999854e+04
6.850000000000000533e-01 7.822079999999999927e+03 4.146969999999999709e+04
6.860000000000000542e-01 7.768520000000000437e+03 4.120300000000000000e+04
6.870000000000000551e-01 7.714750000000000000e+03 4.093519999999999709e+04
6.879999999999999449e-01 7.660779999999999745e+03 4.066630000000000291e+04
6.889999999999999458e-01 7.606619999999999891e+03 4.039650000000000000e+04
6.899999999999999467e-01 7.552310000000000400e+03 4.012580000000000291e+04
6.909999999999999476e-01 7.497840000000000146e+03 3.985430000000000291e+04
6.919999999999999485e-01 7.443239999999999782e+03 3.958209999999999854e+04
6.929999999999999494e-01 7.388529999999999745e+03 3.930930000000000291e+04
6.939999999999999503e-01 7.333729999999999563e+03 3.903590000000000146e+04
6.949999999999999512e-01 7.278850000000000364e+03 3.876209999999999854e+04
6.959999999999999520e-01 7.223899999999999636e+03 3.848790000000000146e+04
6.969999999999999529e-01 7.168899999999999636e+03 3.821340000000000146e+04
6.979999999999999538e-01 7.113850000000000364e+03 3.793859999999999854e+04
6.989999999999999547e-01 7.058789999999999964e+03 3.766359999999999854e+04
6.999999999999999556e-01 7.003710000000000036e+03 3.738859999999999854e+04
7.009999999999999565e-01 6.948630000000000109e+03 3.711340000000000146e+04
7.019999999999999574e-01 6.893560000000000400e+03 3.683830000000000291e+04
7.029999999999999583e-01 6.838520000000000437e+03 3.656319999999999709e+04
7.039999999999999591e-01 6.783520000000000437e+03 3.628830000000000291e+04
7.049999999999999600e-01 6.728560000000000400e+03 3.601350000000000000e+04
7.059999999999999609e-01 6.673670000000000073e+03 3.573900000000000000e+04
7.069999999999999618e-01 6.618840000000000146e+03 3.546480000000000291e+04
7.079999999999999627e-01 6.564090000000000146e+03 3.519090000000000146e+04
7.089999999999999636e-01 6.509430000000000291e+03 3.491740000000000146e+04
7.099999999999999645e-01 6.454869999999999891e+03 3.464430000000000291e+04
7.109999999999999654e-01 6.400449999999999818e+03 3.437169999999999709e+04
7.119999999999999662e-01 6.346109999999999673e+03 3.409969999999999709e+04
7.129999999999999671e-01 6.291899999999999636e+03 3.382819999999999709e+04
7.139999999999999680e-01 6.237819999999999709e+03 3.355740000000000146e+04
7.149999999999999689e-01 6.183890000000000327e+03 3.328719999999999709e+04
7.159999999999999698e-01 6.130109999999999673e+03 3.301769999999999709e+04
7.169999999999999707e-01 6.076479999999999563e+03 3.274890000000000146e+04
7.179999999999999716e-01 6.023020000000000437e+03 3.248090000000000146e+04
7.189999999999999725e-01 5.969729999999999563e+03 3.221379999999999927e+04
7.199999999999999734e-01 5.916619999999999891e+03 3.194740000000000146e+04
7.209999999999999742e-01 5.863699999999999818e+03 3.168200000000000000e+04
7.219999999999999751e-01 5.810960000000000036e+03 3.141740000000000146e+04
7.229999999999999760e-01 5.758430000000000291e+03 3.115379999999999927e+04
7.239999999999999769e-01 5.706100000000000364e+03 3.089120000000000073e+04
7.249999999999999778e-01 5.653979999999999563e+03 3.062959999999999854e+04
7.259999999999999787e-01 5.601970000000000255e+03 3.036900000000000000e+04
7.269999999999999796e-01 5.550289999999999964e+03 3.010940000000000146e+04
7.279999999999999805e-01 5.498829999999999927e+03 2.985090000000000146e+04
7.289999999999999813e-01 5.447689999999999600e+03 2.959359999999999854e+04
7.299999999999999822e-01 5.396699999999999818e+03 2.933729999999999927e+04
7.309999999999999831e-01 5.345939999999999600e+03 2.908220000000000073e+04
7.319999999999999840e-01 5.295420000000000073e+03 2.882829999999999927e+04
7.329999999999999849e-01 5.245149999999999636e+03 2.857559999999999854e+04
7.339999999999999858e-01 5.195140000000000327e+03 2.832409999999999854e+04
7.349999999999999867e-01 5.145380000000000109e+03 2.807379999999999927e+04
7.359999999999999876e-01 5.095869999999999891e+03 2.782479999999999927e+04
7.369999999999999885e-01 5.046630000000000109e+03 2.757700000000000000e+04
7.379999999999999893e-01 4.997659999999999854e+03 2.733050000000000000e+04
7.389999999999999902e-01 4.948949999999999818e+03 2.708540000000000146e+04
7.399999999999999911e-01 4.900510000000000218e+03 2.684150000000000000e+04
7.409999999999999920e-01 4.852350000000000364e+03 2.659900000000000000e+04
7.419999999999999929e-01 4.804460000000000036e+03 2.635779999999999927e+04
7.429999999999999938e-01 4.756859999999999673e+03 2.611800000000000000e+04
7.439999999999999947e-01 4.709529999999999745e+03 2.587950000000000000e+04
7.449999999999999956e-01 4.662489999999999782e+03 2.564240000000000146e+04
7.459999999999999964e-01 4.615739999999999782e+03 2.540679999999999927e+04
7.469999999999999973e-01 4.569270000000000437e+03 2.517250000000000000e+04
7.479999999999999982e-01 4.523100000000000364e+03 2.493959999999999854e+04
7.489999999999999991e-01 4.477210000000000036e+03 2.470820000000000073e+04
7.500000000000000000e-01 4.431619999999999891e+03 2.447820000000000073e+04
7.510000000000000009e-01 4.386329999999999927e+03 2.424959999999999854e+04
7.520000000000000018e-01 4.337800000000000182e+03 2.400470000000000073e+04
7.530000000000000027e-01 4.289279999999999745e+03 2.375970000000000073e+04
7.540000000000000036e-01 4.240770000000000437e+03 2.351479999999999927e+04
7.550000000000000044e-01 4.192279999999999745e+03 2.326979999999999927e+04
7.560000000000000053e-01 4.143800000000000182e+03 2.302490000000000146e+04
7.570000000000000062e-01 4.095329999999999927e+03 2.277990000000000146e+04
7.580000000000000071e-01 4.046880000000000109e+03 2.253500000000000000e+04
7.590000000000000080e-01 3.998429999999999836e+03 2.229009999999999854e+04
7.600000000000000089e-01 3.950010000000000218e+03 2.204509999999999854e+04
7.610000000000000098e-01 3.901590000000000146e+03 2.180020000000000073e+04
7.620000000000000107e-01 3.853199999999999818e+03 2.155520000000000073e+04
7.630000000000000115e-01 3.804809999999999945e+03 2.131029999999999927e+04
7.640000000000000124e-01 3.756440000000000055e+03 2.106529999999999927e+04
7.650000000000000133e-01 3.708090000000000146e+03 2.082040000000000146e+04
7.660000000000000142e-01 3.659750000000000000e+03 2.057540000000000146e+04
7.670000000000000151e-01 3.611440000000000055e+03 2.033050000000000000e+04
7.680000000000000160e-01 3.563130000000000109e+03 2.008550000000000000e+04
7.690000000000000169e-01 3.514849999999999909e+03 1.984059999999999854e+04
7.700000000000000178e-01 3.466590000000000146e+03 1.959559999999999854e+04
7.710000000000000187e-01 3.418340000000000146e+03 1.935070000000000073e+04
7.720000000000000195e-01 3.370119999999999891e+03 1.910579999999999927e+04
7.730000000000000204e-01 3.321909999999999854e+03 1.886079999999999927e+04
7.740000000000000213e-01 3.273730000000000018e+03 1.861590000000000146e+04
7.750000000000000222e-01 3.225570000000000164e+03 1.837090000000000146e+04
7.760000000000000231e-01 3.177429999999999836e+03 1.812600000000000000e+04
7.770000000000000240e-01 3.129320000000000164e+03 1.788100000000000000e+04
7.780000000000000249e-01 3.081230000000000018e+03 1.763609999999999854e+04
7.790000000000000258e-01 3.033170000000000073e+03 1.739109999999999854e+04
7.800000000000000266e-01 2.985130000000000109e+03 1.714620000000000073e+04
7.810000000000000275e-01 2.937130000000000109e+03 1.690120000000000073e+04
7.820000000000000284e-01 2.889150000000000091e+03 1.665629999999999927e+04
7.830000000000000293e-01 2.841199999999999818e+03 1.641140000000000146e+04
7.840000000000000302e-01 2.793289999999999964e+03 1.616639999999999964e+04
7.850000000000000311e-01 2.745409999999999854e+03 1.592150000000000000e+04
7.860000000000000320e-01 2.697570000000000164e+03 1.567650000000000000e+04
7.870000000000000329e-01 2.649760000000000218e+03 1.543160000000000036e+04
7.880000000000000338e-01 2.601989999999999782e+03 1.518660000000000036e+04
7.890000000000000346e-01 2.554260000000000218e+03 1.494170000000000073e+04
7.900000000000000355e-01 2.506579999999999927e+03 1.469670000000000073e+04
7.910000000000000364e-01 2.458929999999999836e+03 1.445179999999999927e+04
7.920000000000000373e-01 2.411340000000000146e+03 1.420679999999999927e+04
7.930000000000000382e-01 2.363789999999999964e+03 1.396189999999999964e+04
7.940000000000000391e-01 2.316289999999999964e+03 1.371700000000000000e+04
7.950000000000000400e-01 2.268849999999999909e+03 1.347200000000000000e+04
7.960000000000000409e-01 2.221469999999999800e+03 1.322710000000000036e+04
7.970000000000000417e-01 2.174139999999999873e+03 1.298210000000000036e+04
7.980000000000000426e-01 2.126880000000000109e+03 1.273720000000000073e+04
7.990000000000000435e-01 2.079679999999999836e+03 1.249220000000000073e+04
8.000000000000000444e-01 2.032549999999999955e+03 1.224729999999999927e+04
8.010000000000000453e-01 1.981950000000000045e+03 1.198389999999999964e+04
8.020000000000000462e-01 1.925170000000000073e+03 1.168779999999999927e+04
8.030000000000000471e-01 1.869650000000000091e+03 1.139760000000000036e+04
8.040000000000000480e-01 1.815359999999999900e+03 1.111329999999999927e+04
8.050000000000000488e-01 1.762289999999999964e+03 1.083470000000000073e+04
8.060000000000000497e-01 1.710420000000000073e+03 1.056170000000000073e+04
8.070000000000000506e-01 1.659730000000000018e+03 1.029429999999999927e+04
8.080000000000000515e-01 1.610200000000000045e+03 1.003229999999999927e+04
8.090000000000000524e-01 1.561809999999999945e+03 9.775709999999999127e+03
8.100000000000000533e-01 1.514549999999999955e+03 9.524360000000000582e+03
8.110000000000000542e-01 1.468390000000000100e+03 9.278180000000000291e+03
8.120000000000000551e-01 1.423329999999999927e+03 9.037069999999999709e+03
8.129999999999999449e-01 1.379339999999999918e+03 8.800959999999999127e+03
8.139999999999999458e-01 1.336400000000000091e+03 8.569750000000000000e+03
8.149999999999999467e-01 1.294509999999999991e+03 8.343360000000000582e+03
8.159999999999999476e-01 1.253630000000000109e+03 8.121699999999999818e+03
8.169999999999999485e-01 1.213769999999999982e+03 7.904699999999999818e+03
8.179999999999999494e-01 1.174890000000000100e+03 7.692250000000000000e+03
8.189999999999999503e-01 1.136980000000000018e+03 7.484300000000000182e+03
8.199999999999999512e-01 1.100029999999999973e+03 7.280739999999999782e+03
8.209999999999999520e-01 1.064009999999999991e+03 7.081520000000000437e+03
8.219999999999999529e-01 1.028920000000000073e+03 6.886539999999999964e+03
8.229999999999999538e-01 9.947400000000000091e+02 6.695729999999999563e+03
8.239999999999999547e-01 9.614489999999999554e+02 6.509020000000000437e+03
8.249999999999999556e-01 9.290320000000000391e+02 6.326329999999999927e+03
8.259999999999999565e-01 8.974759999999999991e+02 6.147579999999999927e+03
8.269999999999999574e-01 8.667630000000000337e+02 5.972720000000000255e+03
8.279999999999999583e-01 8.368790000000000191e+02 5.801649999999999636e+03
8.289999999999999591e-01 8.078070000000000164e+02 5.634329999999999927e+03
8.299999999999999600e-01 7.795339999999999918e+02 5.470670000000000073e+03
8.309999999999999609e-01 7.520420000000000300e+02 5.310600000000000364e+03
8.319999999999999618e-01 7.253179999999999836e+02 5.154069999999999709e+03
8.329999999999999627e-01 6.993460000000000036e+02 5.001000000000000000e+03
8.339999999999999636e-01 6.741109999999999900e+02 4.851340000000000146e+03
8.349999999999999645e-01 6.495979999999999563e+02 4.705010000000000218e+03
8.359999999999999654e-01 6.257939999999999827e+02 4.561949999999999818e+03
8.369999999999999662e-01 6.026810000000000400e+02 4.422109999999999673e+03
8.379999999999999671e-01 5.802469999999999573e+02 4.285420000000000073e+03
8.389999999999999680e-01 5.584769999999999754e+02 4.151819999999999709e+03
8.399999999999999689e-01 5.373559999999999945e+02 4.021250000000000000e+03
8.409999999999999698e-01 5.168700000000000045e+02 3.893659999999999854e+03
8.419999999999999707e-01 4.970040000000000191e+02 3.768989999999999782e+03
8.429999999999999716e-01 4.777450000000000045e+02 3.647170000000000073e+03
8.439999999999999725e-01 4.590790000000000077e+02 3.528170000000000073e+03
8.449999999999999734e-01 4.409909999999999854e+02 3.411920000000000073e+03
8.459999999999999742e-01 4.234689999999999941e+02 3.298369999999999891e+03
8.469999999999999751e-01 4.064979999999999905e+02 3.187469999999999800e+03
8.479999999999999760e-01 3.900640000000000214e+02 3.079159999999999854e+03
8.489999999999999769e-01 3.741549999999999727e+02 2.973389999999999873e+03
8.499999999999999778e-01 3.587549999999999955e+02 2.870130000000000109e+03
8.509999999999999787e-01 3.438550000000000182e+02 2.769300000000000182e+03
8.519999999999999796e-01 3.294390000000000214e+02 2.670880000000000109e+03
8.529999999999999805e-01 3.154929999999999950e+02 2.574800000000000182e+03
8.539999999999999813e-01 3.020079999999999814e+02 2.481030000000000200e+03
8.549999999999999822e-01 2.889689999999999941e+02 2.389519999999999982e+03
8.559999999999999831e-01 2.763629999999999995e+02 2.300219999999999800e+03
8.569999999999999840e-01 2.641789999999999736e+02 2.213090000000000146e+03
8.579999999999999849e-01 2.524039999999999964e+02 2.128090000000000146e+03
8.589999999999999858e-01 2.410279999999999916e+02 2.045160000000000082e+03
8.599999999999999867e-01 2.300380000000000109e+02 1.964279999999999973e+03
8.609999999999999876e-01 2.194209999999999923e+02 1.885400000000000091e+03
8.619999999999999885e-01 2.091680000000000064e+02 1.808470000000000027e+03
8.629999999999999893e-01 1.992669999999999959e+02 1.733470000000000027e+03
8.639999999999999902e-01 1.897069999999999936e+02 1.660339999999999918e+03
8.649999999999999911e-01 1.804770000000000039e+02 1.589049999999999955e+03
8.659999999999999920e-01 1.715670000000000073e+02 1.519569999999999936e+03
8.669999999999999929e-01 1.629660000000000082e+02 1.451849999999999909e+03
8.679999999999999938e-01 1.546649999999999920e+02 1.385859999999999900e+03
8.689999999999999947e-01 1.466539999999999964e+02 1.321569999999999936e+03
8.699999999999999956e-01 1.389230000000000018e+02 1.258930000000000064e+03
8.709999999999999964e-01 1.314629999999999939e+02 1.197920000000000073e+03
8.719999999999999973e-01 1.242660000000000053e+02 1.138500000000000000e+03
8.729999999999999982e-01 1.173220000000000027e+02 1.080640000000000100e+03
8.739999999999999991e-01 1.106219999999999999e+02 1.024289999999999964e+03
8.750000000000000000e-01 1.041590000000000060e+02 9.694450000000000500e+02
8.760000000000000009e-01 9.792440000000000566e+01 9.160549999999999500e+02
8.770000000000000018e-01 9.190949999999999420e+01 8.640940000000000509e+02
8.780000000000000027e-01 8.610670000000000357e+01 8.135320000000000391e+02
8.790000000000000036e-01 8.051099999999999568e+01 7.643390000000000555e+02
8.800000000000000044e-01 7.511260000000000048e+01 7.164850000000000136e+02
8.810000000000000053e-01 6.990699999999999648e+01 6.699420000000000073e+02
8.820000000000000062e-01 6.488330000000000553e+01 6.246799999999999500e+02
8.830000000000000071e-01 6.003940000000000055e+01 5.806739999999999782e+02
8.840000000000000080e-01 5.536899999999999977e+01 5.378949999999999818e+02
8.850000000000000089e-01 5.086419999999999675e+01 4.963159999999999741e+02
8.860000000000000098e-01 4.651780000000000115e+01 4.559119999999999777e+02
8.870000000000000107e-01 4.232939999999999969e+01 4.166569999999999823e+02
8.880000000000000115e-01 3.828759999999999764e+01 3.785249999999999773e+02
8.890000000000000124e-01 3.439300000000000068e+01 3.414909999999999854e+02
8.900000000000000133e-01 3.063309999999999889e+01 3.055319999999999823e+02
8.910000000000000142e-01 2.701139999999999830e+01 2.706240000000000236e+02
8.920000000000000151e-01 2.351810000000000045e+01 2.367419999999999902e+02
8.930000000000000160e-01 2.015040000000000120e+01 2.038650000000000091e+02
8.940000000000000169e-01 1.690309999999999846e+01 1.719689999999999941e+02
8.950000000000000178e-01 1.377340000000000053e+01 1.410329999999999870e+02
8.960000000000000187e-01 1.075680000000000014e+01 1.110340000000000060e+02
8.970000000000000195e-01 7.847109999999999808e+00 8.195220000000000482e+01
8.980000000000000204e-01 5.045429999999999637e+00 5.376619999999999777e+01
8.990000000000000213e-01 2.344469999999999832e+00 2.645540000000000092e+01
9.000000000000000222e-01 0.000000000000000000e+00 0.000000000000000000e+00