901 0.900000
0.000000 0.000000 0.000000
0.001000 3.000000 0.000000
0.002000 6.000000 0.000000
0.003000 9.000000 0.000000
0.004000 12.000000 0.000000
0.005000 15.000000 0.000000
0.006000 18.000000 0.000000
0.007000 21.000000 0.000000
0.008000 24.000000 0.000000
0.009000 27.000000 0.000000
0.010000 30.000000 0.000000
0.011000 33.000000 0.000000
0.012000 36.000000 0.000000
0.013000 39.000000 0.000000
0.014000 42.000000 0.000000
0.015000 45.000000 0.000000
0.016000 48.000000 0.000000
0.017000 51.000000 0.000000
0.018000 54.000000 0.000000
0.019000 57.000000 0.000000
0.020000 60.000000 0.000000
0.021000 63.000000 0.000000
0.022000 66.000000 0.000000
0.023000 69.000000 0.000000
0.024000 72.000000 0.000000
0.025000 75.000000 0.000000
0.026000 78.000000 0.000000
0.027000 81.000000 0.000000
0.028000 84.000000 0.000000
0.029000 87.000000 0.000000
0.030000 90.000000 0.000000
0.031000 93.000000 0.000000
0.032000 96.000000 0.000000
0.033000 99.000000 0.000000
0.034000 102.000000 0.000000
0.035000 105.000000 0.000000
0.036000 108.000000 0.000000
0.037000 111.000000 0.000000
0.038000 114.000000 0.000000
0.039000 117.000000 0.000000
0.040000 120.000000 0.000000
0.041000 123.000000 0.000000
0.042000 126.000000 0.000000
0.043000 129.000000 0.000000
0.044000 132.000000 0.000000
0.045000 135.000000 0.000000
0.046000 138.000000 0.000000
0.047000 141.000000 0.000000
0.048000 144.000000 0.000000
0.049000 147.000000 0.000000
0.050000 150.000000 0.000000
0.051000 153.000000 0.000000
0.052000 156.000000 0.000000
0.053000 159.000000 0.000000
0.054000 162.000000 0.000000
0.055000 165.000000 0.000000
0.056000 168.000000 0.000000
0.057000 171.000000 0.000000
0.058000 174.000000 0.000000
0.059000 177.000000 0.000000
0.060000 180.000000 0.000000
0.061000 183.000000 0.000000
0.062000 186.000000 0.000000
0.063000 189.000000 0.000000
0.064000 192.000000 0.000000
0.065000 195.000000 0.000000
0.066000 198.000000 0.000000
0.067000 201.000000 0.000000
0.068000 204.000000 0.000000
0.069000 207.000000 0.000000
0.070000 210.000000 0.000000
0.071000 213.000000 0.000000
0.072000 216.000000 0.000000
0.073000 219.000000 0.000000
0.074000 222.000000 0.000000
0.075000 225.000000 0.000000
0.076000 228.000000 0.000000
0.077000 231.000000 0.000000
0.078000 234.000000 0.000000
0.079000 237.000000 0.000000
0.080000 240.000000 0.000000
0.081000 243.000000 0.000000
0.082000 246.000000 0.000000
0.083000 249.000000 0.000000
0.084000 252.000000 0.000000
0.085000 255.000000 0.000000
0.086000 258.000000 0.000000
0.087000 261.000000 0.000000
0.088000 264.000000 0.000000
0.089000 267.000000 0.000000
0.090000 270.000000 0.000000
0.091000 273.000000 0.000000
0.092000 276.000000 0.000000
0.093000 279.000000 0.000000
0.094000 282.000000 0.000000
0.095000 285.000000 0.000000
0.096000 288.000000 0.000000
0.097000 291.000000 0.000000
0.098000 294.000000 0.000000
0.099000 297.000000 0.000000
0.100000 300.000000 0.000000
0.101000 303.000000 0.000000
0.102000 306.000000 0.000000
0.103000 309.000000 0.000000
0.104000 312.000000 0.000000
0.105000 315.000000 0.000000
0.106000 318.000000 0.000000
0.107000 321.000000 0.000000
0.108000 324.000000 0.000000
0.109000 327.000000 0.000000
0.110000 330.000000 0.000000
0.111000 333.000000 0.000000
0.112000 336.000000 0.000000
0.113000 339.000000 0.000000
0.114000 342.000000 0.000000
0.115000 345.000000 0.000000
0.116000 348.000000 0.000000
0.117000 351.000000 0.000000
0.118000 354.000000 0.000000
0.119000 357.000000 0.000000
0.120000 360.000000 0.000000
0.121000 363.000000 0.000000
0.122000 366.000000 0.000000
0.123000 369.000000 0.000000
0.124000 372.000000 0.000000
0.125000 375.000000 0.000000
0.126000 378.000000 0.000000
0.127000 381.000000 0.000000
0.128000 384.000000 0.000000
0.129000 387.000000 0.000000
0.130000 390.000000 0.000000
0.131000 393.000000 0.000000
0.132000 396.000000 0.000000
0.133000 399.000000 0.000000
0.134000 402.000000 0.000000
0.135000 405.000000 0.000000
0.136000 408.000000 0.000000
0.137000 411.000000 0.000000
0.138000 414.000000 0.000000
0.139000 417.000000 0.000000
0.140000 420.000000 0.000000
0.141000 423.000000 0.000000
0.142000 426.000000 0.000000
0.143000 429.000000 0.000000
0.144000 432.000000 0.000000
0.145000 435.000000 0.000000
0.146000 438.000000 0.000000
0.147000 441.000000 0.000000
0.148000 444.000000 0.000000
0.149000 447.000000 0.000000
0.150000 450.000000 0.000000
0.151000 453.000000 0.000000
0.152000 456.000000 0.000000
0.153000 459.000000 0.000000
0.154000 462.000000 0.000000
0.155000 465.000000 0.000000
0.156000 468.000000 0.000000
0.157000 471.000000 0.000000
0.158000 474.000000 0.000000
0.159000 477.000000 0.000000
0.160000 480.000000 0.000000
0.161000 483.000000 0.000000
0.162000 486.000000 0.000000
0.163000 489.000000 0.000000
0.164000 492.000000 0.000000
0.165000 495.000000 0.000000
0.166000 498.000000 0.000000
0.167000 501.000000 0.000000
0.168000 504.000000 0.000000
0.169000 507.000000 0.000000
0.170000 510.000000 0.000000
0.171000 513.000000 0.000000
0.172000 516.000000 0.000000
0.173000 519.000000 0.000000
0.174000 522.000000 0.000000
0.175000 525.000000 0.000000
0.176000 528.000000 0.000000
0.177000 531.000000 0.000000
0.178000 534.000000 0.000000
0.179000 537.000000 0.000000
0.180000 540.000000 0.000000
0.181000 543.000000 0.000000
0.182000 546.000000 0.000000
0.183000 549.000000 0.000000
0.184000 552.000000 0.000000
0.185000 555.000000 0.000000
0.186000 558.000000 0.000000
0.187000 561.000000 0.000000
0.188000 564.000000 0.000000
0.189000 567.000000 0.000000
0.190000 570.000000 0.000000
0.191000 573.000000 0.000000
0.192000 576.000000 0.000000
0.193000 579.000000 0.000000
0.194000 582.000000 0.000000
0.195000 585.000000 0.000000
0.196000 588.000000 0.000000
0.197000 591.000000 0.000000
0.198000 594.000000 0.000000
0.199000 597.000000 0.000000
0.200000 600.000000 0.000000
0.201000 603.000000 0.000000
0.202000 606.000000 0.000000
0.203000 609.000000 0.000000
0.204000 612.000000 0.000000
0.205000 615.000000 0.000000
0.206000 618.000000 0.000000
0.207000 621.000000 0.000000
0.208000 624.000000 0.000000
0.209000 627.000000 0.000000
0.210000 630.000000 0.000000
0.211000 633.000000 0.000000
0.212000 636.000000 0.000000
0.213000 639.000000 0.000000
0.214000 642.000000 0.000000
0.215000 645.000000 0.000000
0.216000 648.000000 0.000000
0.217000 651.000000 0.000000
0.218000 654.000000 0.000000
0.219000 657.000000 0.000000
0.220000 660.000000 0.000000
0.221000 663.000000 0.000000
0.222000 666.000000 0.000000
0.223000 669.000000 0.000000
0.224000 672.000000 0.000000
0.225000 675.000000 0.000000
0.226000 678.000000 0.000000
0.227000 681.000000 0.000000
0.228000 684.000000 0.000000
0.229000 687.000000 0.000000
0.230000 690.000000 0.000000
0.231000 693.000000 0.000000
0.232000 696.000000 0.000000
0.233000 699.000000 0.000000
0.234000 702.000000 0.000000
0.235000 705.000000 0.000000
0.236000 708.000000 0.000000
0.237000 711.000000 0.000000
0.238000 714.000000 0.000000
0.239000 717.000000 0.000000
0.240000 720.000000 0.000000
0.241000 723.000000 0.000000
0.242000 726.000000 0.000000
0.243000 729.000000 0.000000
0.244000 732.000000 0.000000
0.245000 735.000000 0.000000
0.246000 738.000000 0.000000
0.247000 741.000000 0.000000
0.248000 744.000000 0.000000
0.249000 747.000000 0.000000
0.250000 750.000000 0.000000
0.251000 753.000000 0.000000
0.252000 756.000000 0.000000
0.253000 759.000000 0.000000
0.254000 762.000000 0.000000
0.255000 765.000000 0.000000
0.256000 768.000000 0.000000
0.257000 771.000000 0.000000
0.258000 774.000000 0.000000
0.259000 777.000000 0.000000
0.260000 780.000000 0.000000
0.261000 783.000000 0.000000
0.262000 786.000000 0.000000
0.263000 789.000000 0.000000
0.264000 792.000000 0.000000
0.265000 795.000000 0.000000
0.266000 798.000000 0.000000
0.267000 801.000000 0.000000
0.268000 804.000000 0.000000
0.269000 807.000000 0.000000
0.270000 810.000000 0.000000
0.271000 813.000000 0.000000
0.272000 816.000000 0.000000
0.273000 819.000000 0.000000
0.274000 822.000000 0.000000
0.275000 825.000000 0.000000
0.276000 828.000000 0.000000
0.277000 831.000000 0.000000
0.278000 834.000000 0.000000
0.279000 837.000000 0.000000
0.280000 840.000000 0.000000
0.281000 843.000000 0.000000
0.282000 846.000000 0.000000
0.283000 849.000000 0.000000
0.284000 852.000000 0.000000
0.285000 855.000000 0.000000
0.286000 858.000000 0.000000
0.287000 861.000000 0.000000
0.288000 864.000000 0.000000
0.289000 867.000000 0.000000
0.290000 870.000000 0.000000
0.291000 873.000000 0.000000
0.292000 876.000000 0.000000
0.293000 879.000000 0.000000
0.294000 882.000000 0.000000
0.295000 885.000000 0.000000
0.296000 888.000000 0.000000
0.297000 891.000000 0.000000
0.298000 894.000000 0.000000
0.299000 897.000000 0.000000
0.300000 900.000000 0.000000
0.301000 903.000000 0.000000
0.302000 906.000000 0.000000
0.303000 909.000000 0.000000
0.304000 912.000000 0.000000
0.305000 915.000000 0.000000
0.306000 918.000000 0.000000
0.307000 921.000000 0.000000
0.308000 924.000000 0.000000
0.309000 927.000000 0.000000
0.310000 930.000000 0.000000
0.311000 933.000000 0.000000
0.312000 936.000000 0.000000
0.313000 939.000000 0.000000
0.314000 942.000000 0.000000
0.315000 945.000000 0.000000
0.316000 948.000000 0.000000
0.317000 951.000000 0.000000
0.318000 954.000000 0.000000
0.319000 957.000000 0.000000
0.320000 960.000000 0.000000
0.321000 963.000000 0.000000
0.322000 966.000000 0.000000
0.323000 969.000000 0.000000
0.324000 972.000000 0.000000
0.325000 975.000000 0.000000
0.326000 978.000000 0.000000
0.327000 981.000000 0.000000
0.328000 984.000000 0.000000
0.329000 987.000000 0.000000
0.330000 990.000000 0.000000
0.331000 993.000000 0.000000
0.332000 996.000000 0.000000
0.333000 999.000000 0.000000
0.334000 1002.000000 0.000000
0.335000 1005.000000 0.000000
0.336000 1008.000000 0.000000
0.337000 1011.000000 0.000000
0.338000 1014.000000 0.000000
0.339000 1017.000000 0.000000
0.340000 1020.000000 0.000000
0.341000 1023.000000 0.000000
0.342000 1026.000000 0.000000
0.343000 1029.000000 0.000000
0.344000 1032.000000 0.000000
0.345000 1035.000000 0.000000
0.346000 1038.000000 0.000000
0.347000 1041.000000 0.000000
0.348000 1044.000000 0.000000
0.349000 1047.000000 0.000000
0.350000 1050.000000 0.000000
0.351000 1053.000000 0.000000
0.352000 1056.000000 0.000000
0.353000 1059.000000 0.000000
0.354000 1062.000000 0.000000
0.355000 1065.000000 0.000000
0.356000 1068.000000 0.000000
0.357000 1071.000000 0.000000
0.358000 1074.000000 0.000000
0.359000 1077.000000 0.000000
0.360000 1080.000000 0.000000
0.361000 1083.000000 0.000000
0.362000 1086.000000 0.000000
0.363000 1089.000000 0.000000
0.364000 1092.000000 0.000001
0.365000 1095.000000 0.000001
0.366000 1098.000000 0.000001
0.367000 1101.000000 0.000001
0.368000 1104.000000 0.000001
0.369000 1107.000000 0.000001
0.370000 1110.000000 0.000002
0.371000 1113.000000 0.000002
0.372000 1116.000000 0.000002
0.373000 1119.000000 0.000003
0.374000 1122.000000 0.000003
0.375000 1125.000000 0.000004
0.376000 1128.000000 0.000005
0.377000 1131.000000 0.000006
0.378000 1134.000000 0.000007
0.379000 1137.000000 0.000008
0.380000 1140.000000 0.000010
0.381000 1143.000000 0.000011
0.382000 1146.000000 0.000014
0.383000 1149.000000 0.000016
0.384000 1152.000000 0.000019
0.385000 1155.000000 0.000023
0.386000 1158.000000 0.000027
0.387000 1161.000000 0.000032
0.388000 1164.000000 0.000038
0.389000 1167.000000 0.000045
0.390000 1170.000000 0.000053
0.391000 1173.000000 0.000063
0.392000 1176.000000 0.000075
0.393000 1179.000000 0.000088
0.394000 1182.000000 0.000104
0.395000 1185.000000 0.000123
0.396000 1188.000000 0.000144
0.397000 1191.000000 0.000170
0.398000 1194.000000 0.000200
0.399000 1197.000000 0.000235
0.400000 1200.000000 0.000277
0.401000 1203.000000 0.000325
0.402000 1206.000000 0.000381
0.403000 1209.000000 0.000447
0.404000 1212.000000 0.000524
0.405000 1215.000000 0.000613
0.406000 1218.000000 0.000718
0.407000 1221.000000 0.000839
0.408000 1224.000000 0.000981
0.409000 1227.000000 0.001145
0.410000 1230.000000 0.001336
0.411000 1233.000000 0.001558
0.412000 1236.000000 0.001816
0.413000 1239.000000 0.002114
0.414000 1242.000000 0.002460
0.415000 1245.000000 0.002861
0.416000 1248.000000 0.003325
0.417000 1251.000000 0.003861
0.418000 1254.000000 0.004480
0.419000 1257.000000 0.005195
0.420000 1260.000000 0.006019
0.421000 1263.000000 0.006970
0.422000 1266.000000 0.008065
0.423000 1269.000000 0.009326
0.424000 1272.000000 0.010776
0.425000 1275.000000 0.012444
0.426000 1278.000000 0.014359
0.427000 1281.000000 0.016557
0.428000 1284.000000 0.019078
0.429000 1287.000000 0.021968
0.430000 1290.000000 0.025278
0.431000 1293.000000 0.029067
0.432000 1296.000000 0.033400
0.433000 1299.000000 0.038352
0.434000 1302.000000 0.044007
0.435000 1305.000000 0.050461
0.436000 1308.000000 0.057821
0.437000 1311.000000 0.066208
0.438000 1314.000000 0.075759
0.439000 1317.000000 0.086626
0.440000 1320.000000 0.098983
0.441000 1323.000000 0.113024
0.442000 1326.000000 0.128967
0.443000 1329.000000 0.147054
0.444000 1332.000000 0.167562
0.445000 1335.000000 0.190796
0.446000 1338.000000 0.217099
0.447000 1341.000000 0.246856
0.448000 1344.000000 0.280494
0.449000 1347.000000 0.318494
0.450000 1350.000000 0.361388
0.451000 1353.000000 0.409773
0.452000 1356.000000 0.464310
0.453000 1359.000000 0.525738
0.454000 1362.000000 0.594876
0.455000 1365.000000 0.672635
0.456000 1368.000000 0.760026
0.457000 1371.000000 0.858171
0.458000 1374.000000 0.968311
0.459000 1377.000000 1.091822
0.460000 1380.000000 1.230226
0.461000 1383.000000 1.385205
0.462000 1386.000000 1.558615
0.463000 1389.000000 1.752508
0.464000 1392.000000 1.969142
0.465000 1395.000000 2.211007
0.466000 1398.000000 2.480842
0.467000 1401.000000 2.781660
0.468000 1404.000000 3.116772
0.469000 1407.000000 3.489812
0.470000 1410.000000 3.904766
0.471000 1413.000000 4.366003
0.472000 1416.000000 4.878305
0.473000 1419.000000 5.446907
0.474000 1422.000000 6.077527
0.475000 1425.000000 6.776413
0.476000 1428.000000 7.550380
0.477000 1431.000000 8.406859
0.478000 1434.000000 9.353942
0.479000 1437.000000 10.400438
0.480000 1440.000000 11.555920
0.481000 1443.000000 12.830792
0.482000 1446.000000 14.236341
0.483000 1449.000000 15.784807
0.484000 1452.000000 17.489451
0.485000 1455.000000 19.364624
0.486000 1458.000000 21.425845
0.487000 1461.000000 23.689878
0.488000 1464.000000 26.174820
0.489000 1467.000000 28.900182
0.490000 1470.000000 31.886984
0.491000 1473.000000 35.157849
0.492000 1476.000000 38.737103
0.493000 1479.000000 42.650879
0.494000 1482.000000 46.927220
0.495000 1485.000000 51.596193
0.496000 1488.000000 56.690003
0.497000 1491.000000 62.243113
0.498000 1494.000000 68.292359
0.499000 1497.000000 74.877084
0.500000 0.000000 82.039258
0.501000 0.000000 89.823613
0.502000 0.000000 98.277773
0.503000 0.000000 107.452392
0.504000 0.000000 117.401289
0.505000 0.000000 128.181584
0.506000 0.000000 139.853841
0.507000 0.000000 152.482203
0.508000 0.000000 166.134531
0.509000 0.000000 180.882543
0.510000 0.000000 196.801949
0.511000 0.000000 213.972582
0.512000 0.000000 232.478532
0.513000 0.000000 252.408268
0.514000 0.000000 273.854759
0.515000 0.000000 296.915589
0.516000 0.000000 321.693068
0.517000 0.000000 348.294326
0.518000 0.000000 376.831406
0.519000 0.000000 407.421342
0.520000 0.000000 440.186230
0.521000 0.000000 475.253282
0.522000 0.000000 512.754866
0.523000 0.000000 552.828533
0.524000 0.000000 595.617026
0.525000 0.000000 641.268270
0.526000 0.000000 689.935343
0.527000 0.000000 741.776428
0.528000 0.000000 796.954739
0.529000 0.000000 855.638426
0.530000 0.000000 918.000456
0.531000 0.000000 984.218463
0.532000 0.000000 1054.474574
0.533000 0.000000 1128.955206
0.534000 0.000000 1207.850832
0.535000 0.000000 1291.355715
0.536000 0.000000 1379.667611
0.537000 0.000000 1472.987437
0.538000 0.000000 1571.518907
0.539000 0.000000 1675.468133
0.540000 0.000000 1785.043185
0.541000 0.000000 1900.453626
0.542000 0.000000 2021.909998
0.543000 0.000000 2149.623280
0.544000 0.000000 2283.804308
0.545000 0.000000 2424.663152
0.546000 0.000000 2572.408471
0.547000 0.000000 2727.246817
0.548000 0.000000 2889.381913
0.549000 0.000000 3059.013898
0.550000 0.000000 3236.338533
0.551000 0.000000 3421.546386
0.552000 0.000000 3614.821976
0.553000 0.000000 3816.342901
0.554000 0.000000 4026.278936
0.555000 0.000000 4244.791103
0.556000 0.000000 4472.030734
0.557000 0.000000 4708.138507
0.558000 0.000000 4953.243470
0.559000 0.000000 5207.462060
0.560000 0.000000 5470.897110
0.561000 0.000000 5743.636857
0.562000 0.000000 6025.753950
0.563000 0.000000 6317.304465
0.564000 0.000000 6618.326930
0.565000 0.000000 6928.841368
0.566000 0.000000 7248.848353
0.567000 0.000000 7578.328103
0.568000 0.000000 7917.239590
0.569000 0.000000 8265.519696
0.570000 0.000000 8623.082406
0.571000 0.000000 8989.818044
0.572000 0.000000 9365.592566
0.573000 0.000000 9750.246906
0.574000 0.000000 10143.596386
0.575000 0.000000 10545.430187
0.576000 0.000000 10955.510902
0.577000 0.000000 11373.574160
0.578000 0.000000 11799.328327
0.579000 0.000000 12232.454302
0.580000 0.000000 12672.605398
0.581000 0.000000 13119.407316
0.582000 0.000000 13572.458219
0.583000 0.000000 14031.328905
0.584000 0.000000 14495.563084
0.585000 0.000000 14964.677764
0.586000 0.000000 15438.163735
0.587000 0.000000 15921.405081
0.588000 0.000000 16431.567902
0.589000 0.000000 16923.055969
0.590000 0.000000 17396.313607
0.591000 0.000000 17851.776004
0.592000 0.000000 18289.869379
0.593000 0.000000 18711.011158
0.594000 0.000000 19115.610141
0.595000 0.000000 19504.066667
0.596000 0.000000 19876.772778
0.597000 0.000000 20234.112377
0.598000 0.000000 20576.461385
0.599000 0.000000 20904.187895
0.600000 0.000000 21217.652321
0.601000 0.000000 21517.207549
0.602000 0.000000 21803.199080
0.603000 0.000000 22075.965173
0.604000 0.000000 22335.836985
0.605000 0.000000 22583.138709
0.606000 0.000000 22818.187709
0.607000 0.000000 23041.294651
0.608000 0.000000 23252.763634
0.609000 0.000000 23452.892317
0.610000 0.000000 23641.972046
0.611000 0.000000 23820.287973
0.612000 0.000000 23988.119180
0.613000 0.000000 24145.738796
0.614000 0.000000 24293.414113
0.615000 0.000000 24431.406701
0.616000 0.000000 24559.972520
0.617000 0.000000 24679.362026
0.618000 0.000000 24789.820284
0.619000 0.000000 24891.587072
0.620000 0.000000 24984.896982
0.621000 0.000000 25069.979526
0.622000 0.000000 25147.059233
0.623000 0.000000 25216.355748
0.624000 0.000000 25278.083930
0.625000 0.000000 25332.453942
0.626000 0.000000 25379.671350
0.627000 0.000000 25419.937208
0.628000 0.000000 25453.448149
0.629000 0.000000 25480.396477
0.630000 0.000000 25500.970247
0.631000 0.000000 25515.353350
0.632000 0.000000 25523.725600
0.633000 0.000000 25526.262811
0.634000 0.000000 25523.136881
0.635000 0.000000 25514.515863
0.636000 0.000000 25500.564051
0.637000 0.000000 25481.442046
0.638000 0.000000 25457.306838
0.639000 0.000000 25428.311872
0.640000 0.000000 25394.607124
0.641000 0.000000 25356.339167
0.642000 0.000000 25313.651243
0.643000 0.000000 25266.683325
0.644000 0.000000 25215.572189
0.645000 0.000000 25160.451475
0.646000 0.000000 25101.451750
0.647000 0.000000 25038.700574
0.648000 0.000000 24972.322554
0.649000 0.000000 24902.439413
0.650000 0.000000 24829.170040
0.651000 0.000000 24752.630555
0.652000 0.000000 24672.934358
0.653000 0.000000 24590.192193
0.654000 0.000000 24504.512195
0.655000 0.000000 24415.999946
0.656000 0.000000 24324.758530
0.657000 0.000000 24230.888579
0.658000 0.000000 24134.488329
0.659000 0.000000 24035.653665
0.660000 0.000000 23934.478172
0.661000 0.000000 23831.053180
0.662000 0.000000 23725.467814
0.663000 0.000000 23617.809037
0.664000 0.000000 23508.161696
0.665000 0.000000 23396.608566
0.666000 0.000000 23283.230393
0.667000 0.000000 23168.105934
0.668000 0.000000 23051.312004
0.669000 0.000000 22932.923511
0.670000 0.000000 22813.013498
0.671000 0.000000 22691.653185
0.672000 0.000000 22568.912001
0.673000 0.000000 22444.857629
0.674000 0.000000 22319.556036
0.675000 0.000000 22193.071513
0.676000 0.000000 22065.466712
0.677000 0.000000 21936.802677
0.678000 0.000000 21807.138880
0.679000 0.000000 21676.533253
0.680000 0.000000 21545.042225
0.681000 0.000000 21412.720747
0.682000 0.000000 21279.622333
0.683000 0.000000 21145.799080
0.684000 0.000000 21011.301707
0.685000 0.000000 20876.179583
0.686000 0.000000 20740.480751
0.687000 0.000000 20604.251962
0.688000 0.000000 20467.538703
0.689000 0.000000 20330.385220
0.690000 0.000000 20192.834549
0.691000 0.000000 20054.928542
0.692000 0.000000 19916.707890
0.693000 0.000000 19778.212152
0.694000 0.000000 19639.479776
0.695000 0.000000 19500.548127
0.696000 0.000000 19361.453510
0.697000 0.000000 19222.231190
0.698000 0.000000 19082.915422
0.699000 0.000000 18943.539464
0.700000 0.000000 18804.135608
0.701000 0.000000 18664.735196
0.702000 0.000000 18525.368645
0.703000 0.000000 18386.065462
0.704000 0.000000 18246.854271
0.705000 0.000000 18107.762829
0.706000 0.000000 17968.818047
0.707000 0.000000 17830.046007
0.708000 0.000000 17691.471985
0.709000 0.000000 17553.120464
0.710000 0.000000 17415.015155
0.711000 0.000000 17277.179016
0.712000 0.000000 17139.634267
0.713000 0.000000 17002.402406
0.714000 0.000000 16865.504229
0.715000 0.000000 16728.959843
0.716000 0.000000 16592.788685
0.717000 0.000000 16457.009534
0.718000 0.000000 16321.640530
0.719000 0.000000 16186.699184
0.720000 0.000000 16052.202399
0.721000 0.000000 15918.166480
0.722000 0.000000 15784.607149
0.723000 0.000000 15651.539560
0.724000 0.000000 15518.978310
0.725000 0.000000 15386.937455
0.726000 0.000000 15255.430520
0.727000 0.000000 15124.470515
0.728000 0.000000 14994.069946
0.729000 0.000000 14864.240825
0.730000 0.000000 14734.994686
0.731000 0.000000 14606.342594
0.732000 0.000000 14478.295155
0.733000 0.000000 14350.862532
0.734000 0.000000 14224.054451
0.735000 0.000000 14097.880214
0.736000 0.000000 13972.348712
0.737000 0.000000 13847.468428
0.738000 0.000000 13723.247456
0.739000 0.000000 13599.693503
0.740000 0.000000 13476.813905
0.741000 0.000000 13354.615632
0.742000 0.000000 13233.105298
0.743000 0.000000 13112.289174
0.744000 0.000000 12992.173191
0.745000 0.000000 12872.762953
0.746000 0.000000 12754.063742
0.747000 0.000000 12636.080529
0.748000 0.000000 12518.817983
0.749000 0.000000 12402.280475
0.750000 0.000000 12286.472090
0.751000 0.000000 12162.366311
0.752000 0.000000 12038.260533
0.753000 0.000000 11914.154754
0.754000 0.000000 11790.048975
0.755000 0.000000 11665.943197
0.756000 0.000000 11541.837418
0.757000 0.000000 11417.731639
0.758000 0.000000 11293.625861
0.759000 0.000000 11169.520082
0.760000 0.000000 11045.414303
0.761000 0.000000 10921.308524
0.762000 0.000000 10797.202746
0.763000 0.000000 10673.096967
0.764000 0.000000 10548.991188
0.765000 0.000000 10424.885410
0.766000 0.000000 10300.779631
0.767000 0.000000 10176.673852
0.768000 0.000000 10052.568074
0.769000 0.000000 9928.462295
0.770000 0.000000 9804.356516
0.771000 0.000000 9680.250738
0.772000 0.000000 9556.144959
0.773000 0.000000 9432.039180
0.774000 0.000000 9307.933402
0.775000 0.000000 9183.827623
0.776000 0.000000 9059.721844
0.777000 0.000000 8935.616065
0.778000 0.000000 8811.510287
0.779000 0.000000 8687.404508
0.780000 0.000000 8563.298729
0.781000 0.000000 8439.192951
0.782000 0.000000 8315.087172
0.783000 0.000000 8190.981393
0.784000 0.000000 8066.875615
0.785000 0.000000 7942.769836
0.786000 0.000000 7818.664057
0.787000 0.000000 7694.558279
0.788000 0.000000 7570.452500
0.789000 0.000000 7446.346721
0.790000 0.000000 7322.240943
0.791000 0.000000 7198.135164
0.792000 0.000000 7074.029385
0.793000 0.000000 6949.923606
0.794000 0.000000 6825.817828
0.795000 0.000000 6701.712049
0.796000 0.000000 6577.606270
0.797000 0.000000 6453.500492
0.798000 0.000000 6329.394713
0.799000 0.000000 6205.288934
0.800000 0.000000 6071.835345
0.801000 0.000000 5921.807335
0.802000 0.000000 5774.787129
0.803000 0.000000 5630.723855
0.804000 0.000000 5489.567318
0.805000 0.000000 5351.267995
0.806000 0.000000 5215.777026
0.807000 0.000000 5083.046219
0.808000 0.000000 4953.028036
0.809000 0.000000 4825.675594
0.810000 0.000000 4700.942659
0.811000 0.000000 4578.783641
0.812000 0.000000 4459.153586
0.813000 0.000000 4342.008178
0.814000 0.000000 4227.303727
0.815000 0.000000 4114.997167
0.816000 0.000000 4005.046051
0.817000 0.000000 3897.408542
0.818000 0.000000 3792.043414
0.819000 0.000000 3688.910039
0.820000 0.000000 3587.968389
0.821000 0.000000 3489.179023
0.822000 0.000000 3392.503087
0.823000 0.000000 3297.902305
0.824000 0.000000 3205.338977
0.825000 0.000000 3114.775967
0.826000 0.000000 3026.176703
0.827000 0.000000 2939.505169
0.828000 0.000000 2854.725898
0.829000 0.000000 2771.803969
0.830000 0.000000 2690.704999
0.831000 0.000000 2611.395135
0.832000 0.000000 2533.841055
0.833000 0.000000 2458.009955
0.834000 0.000000 2383.869545
0.835000 0.000000 2311.388047
0.836000 0.000000 2240.534183
0.837000 0.000000 2171.277174
0.838000 0.000000 2103.586731
0.839000 0.000000 2037.433053
0.840000 0.000000 1972.786815
0.841000 0.000000 1909.619168
0.842000 0.000000 1847.901729
0.843000 0.000000 1787.606580
0.844000 0.000000 1728.706257
0.845000 0.000000 1671.173747
0.846000 0.000000 1614.982483
0.847000 0.000000 1560.106334
0.848000 0.000000 1506.519606
0.849000 0.000000 1454.197032
0.850000 0.000000 1403.113765
0.851000 0.000000 1353.245377
0.852000 0.000000 1304.567850
0.853000 0.000000 1257.057573
0.854000 0.000000 1210.691333
0.855000 0.000000 1165.446312
0.856000 0.000000 1121.300084
0.857000 0.000000 1078.230602
0.858000 0.000000 1036.216203
0.859000 0.000000 995.235594
0.860000 0.000000 955.267851
0.861000 0.000000 916.292413
0.862000 0.000000 878.289076
0.863000 0.000000 841.237989
0.864000 0.000000 805.119651
0.865000 0.000000 769.914900
0.866000 0.000000 735.604914
0.867000 0.000000 702.171202
0.868000 0.000000 669.595603
0.869000 0.000000 637.860277
0.870000 0.000000 606.947705
0.871000 0.000000 576.840677
0.872000 0.000000 547.522297
0.873000 0.000000 518.975969
0.874000 0.000000 491.185399
0.875000 0.000000 464.134589
0.876000 0.000000 437.807828
0.877000 0.000000 412.189694
0.878000 0.000000 387.265047
0.879000 0.000000 363.019022
0.880000 0.000000 339.437030
0.881000 0.000000 316.504748
0.882000 0.000000 294.208121
0.883000 0.000000 272.533351
0.884000 0.000000 251.466899
0.885000 0.000000 230.995477
0.886000 0.000000 211.106047
0.887000 0.000000 191.785813
0.888000 0.000000 173.022222
0.889000 0.000000 154.802955
0.890000 0.000000 137.115929
0.891000 0.000000 119.949287
0.892000 0.000000 103.291399
0.893000 0.000000 87.130857
0.894000 0.000000 71.456469
0.895000 0.000000 56.257260
0.896000 0.000000 41.522465
0.897000 0.000000 27.241526
0.898000 0.000000 13.404088
0.899000 0.000000 0.000000
0.900000 0.000000 0.000000
