901 0.900000
0.000000 0.000000 0.000000
0.001000 4.395604 0.000000
0.002000 8.791209 0.000000
0.003000 13.186813 0.000000
0.004000 17.582418 0.000000
0.005000 21.978022 0.000000
0.006000 26.373626 0.000000
0.007000 30.769231 0.000000
0.008000 35.164835 0.000000
0.009000 39.560440 0.000000
0.010000 43.956044 0.000000
0.011000 48.351648 0.000000
0.012000 52.747253 0.000000
0.013000 57.142857 0.000000
0.014000 61.538462 0.000000
0.015000 65.934066 0.000000
0.016000 70.329670 0.000000
0.017000 74.725275 0.000000
0.018000 79.120879 0.000000
0.019000 83.516484 0.000000
0.020000 87.912088 0.000000
0.021000 92.307692 0.000000
0.022000 96.703297 0.000000
0.023000 101.098901 0.000000
0.024000 105.494505 0.000000
0.025000 109.890110 0.000000
0.026000 114.285714 0.000000
0.027000 118.681319 0.000000
0.028000 123.076923 0.000000
0.029000 127.472527 0.000000
0.030000 131.868132 0.000000
0.031000 136.263736 0.000000
0.032000 140.659341 0.000000
0.033000 145.054945 0.000000
0.034000 149.450549 0.000000
0.035000 153.846154 0.000000
0.036000 158.241758 0.000000
0.037000 162.637363 0.000000
0.038000 167.032967 0.000000
0.039000 171.428571 0.000000
0.040000 175.824176 0.000000
0.041000 180.219780 0.000000
0.042000 184.615385 0.000000
0.043000 189.010989 0.000000
0.044000 193.406593 0.000000
0.045000 197.802198 0.000000
0.046000 202.197802 0.000000
0.047000 206.593407 0.000000
0.048000 210.989011 0.000000
0.049000 215.384615 0.000000
0.050000 219.780220 0.000000
0.051000 224.175824 0.000000
0.052000 228.571429 0.000000
0.053000 232.967033 0.000000
0.054000 237.362637 0.000000
0.055000 241.758242 0.000000
0.056000 246.153846 0.000000
0.057000 250.549451 0.000000
0.058000 254.945055 0.000000
0.059000 259.340659 0.000000
0.060000 263.736264 0.000000
0.061000 268.131868 0.000000
0.062000 272.527473 0.000000
0.063000 276.923077 0.000000
0.064000 281.318681 0.000000
0.065000 285.714286 0.000000
0.066000 290.109890 0.000000
0.067000 294.505495 0.000000
0.068000 298.901099 0.000000
0.069000 303.296703 0.000000
0.070000 307.692308 0.000000
0.071000 312.087912 0.000000
0.072000 316.483516 0.000000
0.073000 320.879121 0.000000
0.074000 325.274725 0.000000
0.075000 329.670330 0.000000
0.076000 334.065934 0.000000
0.077000 338.461538 0.000000
0.078000 342.857143 0.000000
0.079000 347.252747 0.000000
0.080000 351.648352 0.000000
0.081000 356.043956 0.000000
0.082000 360.439560 0.000000
0.083000 364.835165 0.000000
0.084000 369.230769 0.000000
0.085000 373.626374 0.000000
0.086000 378.021978 0.000000
0.087000 382.417582 0.000000
0.088000 386.813187 0.000000
0.089000 391.208791 0.000000
0.090000 395.604396 0.000000
0.091000 400.000000 0.000000
0.092000 404.395604 0.000000
0.093000 408.791209 0.000000
0.094000 413.186813 0.000000
0.095000 417.582418 0.000000
0.096000 421.978022 0.000000
0.097000 426.373626 0.000000
0.098000 430.769231 0.000000
0.099000 435.164835 0.000000
0.100000 439.560440 0.000000
0.101000 443.956044 0.000000
0.102000 448.351648 0.000000
0.103000 452.747253 0.000000
0.104000 457.142857 0.000000
0.105000 461.538462 0.000000
0.106000 465.934066 0.000000
0.107000 470.329670 0.000000
0.108000 474.725275 0.000000
0.109000 479.120879 0.000000
0.110000 483.516484 0.000000
0.111000 487.912088 0.000000
0.112000 492.307692 0.000000
0.113000 496.703297 0.000000
0.114000 501.098901 0.000000
0.115000 505.494505 0.000000
0.116000 509.890110 0.000000
0.117000 514.285714 0.000000
0.118000 518.681319 0.000000
0.119000 523.076923 0.000000
0.120000 527.472527 0.000000
0.121000 531.868132 0.000000
0.122000 536.263736 0.000000
0.123000 540.659341 0.000000
0.124000 545.054945 0.000000
0.125000 549.450549 0.000000
0.126000 553.846154 0.000000
0.127000 558.241758 0.000000
0.128000 562.637363 0.000000
0.129000 567.032967 0.000000
0.130000 571.428571 0.000000
0.131000 575.824176 0.000000
0.132000 580.219780 0.000000
0.133000 584.615385 0.000000
0.134000 589.010989 0.000000
0.135000 593.406593 0.000000
0.136000 597.802198 0.000000
0.137000 602.197802 0.000000
0.138000 606.593407 0.000000
0.139000 610.989011 0.000000
0.140000 615.384615 0.000000
0.141000 619.780220 0.000000
0.142000 624.175824 0.000000
0.143000 628.571429 0.000000
0.144000 632.967033 0.000000
0.145000 637.362637 0.000000
0.146000 641.758242 0.000000
0.147000 646.153846 0.000000
0.148000 650.549451 0.000000
0.149000 654.945055 0.000000
0.150000 659.340659 0.000000
0.151000 663.736264 0.000000
0.152000 668.131868 0.000000
0.153000 672.527473 0.000000
0.154000 676.923077 0.000000
0.155000 681.318681 0.000000
0.156000 685.714286 0.000000
0.157000 690.109890 0.000000
0.158000 694.505495 0.000000
0.159000 698.901099 0.000000
0.160000 703.296703 0.000000
0.161000 707.692308 0.000000
0.162000 712.087912 0.000000
0.163000 716.483516 0.000000
0.164000 720.879121 0.000000
0.165000 725.274725 0.000000
0.166000 729.670330 0.000000
0.167000 734.065934 0.000000
0.168000 738.461538 0.000000
0.169000 742.857143 0.000000
0.170000 747.252747 0.000000
0.171000 751.648352 0.000000
0.172000 756.043956 0.000000
0.173000 760.439560 0.000000
0.174000 764.835165 0.000000
0.175000 769.230769 0.000000
0.176000 773.626374 0.000000
0.177000 778.021978 0.000000
0.178000 782.417582 0.000000
0.179000 786.813187 0.000000
0.180000 791.208791 0.000000
0.181000 795.604396 0.000000
0.182000 800.000000 0.000000
0.183000 804.395604 0.000000
0.184000 808.791209 0.000000
0.185000 813.186813 0.000000
0.186000 817.582418 0.000000
0.187000 821.978022 0.000000
0.188000 826.373626 0.000000
0.189000 830.769231 0.000000
0.190000 835.164835 0.000000
0.191000 839.560440 0.000000
0.192000 843.956044 0.000000
0.193000 848.351648 0.000000
0.194000 852.747253 0.000000
0.195000 857.142857 0.000000
0.196000 861.538462 0.000000
0.197000 865.934066 0.000000
0.198000 870.329670 0.000000
0.199000 874.725275 0.000000
0.200000 879.120879 0.000000
0.201000 883.516484 0.000000
0.202000 887.912088 0.000000
0.203000 892.307692 0.000000
0.204000 896.703297 0.000000
0.205000 901.098901 0.000000
0.206000 905.494505 0.000000
0.207000 909.890110 0.000000
0.208000 914.285714 0.000000
0.209000 918.681319 0.000000
0.210000 923.076923 0.000000
0.211000 927.472527 0.000000
0.212000 931.868132 0.000000
0.213000 936.263736 0.000000
0.214000 940.659341 0.000000
0.215000 945.054945 0.000000
0.216000 949.450549 0.000000
0.217000 953.846154 0.000000
0.218000 958.241758 0.000000
0.219000 962.637363 0.000000
0.220000 967.032967 0.000000
0.221000 971.428571 0.000000
0.222000 975.824176 0.000000
0.223000 980.219780 0.000000
0.224000 984.615385 0.000000
0.225000 989.010989 0.000000
0.226000 993.406593 0.000000
0.227000 997.802198 0.000000
0.228000 1002.197802 0.000000
0.229000 1006.593407 0.000000
0.230000 1010.989011 0.000000
0.231000 1015.384615 0.000000
0.232000 1019.780220 0.000000
0.233000 1024.175824 0.000000
0.234000 1028.571429 0.000000
0.235000 1032.967033 0.000000
0.236000 1037.362637 0.000000
0.237000 1041.758242 0.000000
0.238000 1046.153846 0.000000
0.239000 1050.549451 0.000000
0.240000 1054.945055 0.000000
0.241000 1059.340659 0.000000
0.242000 1063.736264 0.000000
0.243000 1068.131868 0.000000
0.244000 1072.527473 0.000000
0.245000 1076.923077 0.000000
0.246000 1081.318681 0.000000
0.247000 1085.714286 0.000000
0.248000 1090.109890 0.000000
0.249000 1094.505495 0.000000
0.250000 1098.901099 0.000000
0.251000 1103.296703 0.000000
0.252000 1107.692308 0.000000
0.253000 1112.087912 0.000000
0.254000 1116.483516 0.000000
0.255000 1120.879121 0.000000
0.256000 1125.274725 0.000000
0.257000 1129.670330 0.000000
0.258000 1134.065934 0.000000
0.259000 1138.461538 0.000000
0.260000 1142.857143 0.000000
0.261000 1147.252747 0.000000
0.262000 1151.648352 0.000000
0.263000 1156.043956 0.000000
0.264000 1160.439560 0.000000
0.265000 1164.835165 0.000000
0.266000 1169.230769 0.000000
0.267000 1173.626374 0.000000
0.268000 1178.021978 0.000000
0.269000 1182.417582 0.000000
0.270000 1186.813187 0.000000
0.271000 1191.208791 0.000000
0.272000 1195.604396 0.000000
0.273000 1200.000000 0.000000
0.274000 1204.395604 0.000000
0.275000 1208.791209 0.000000
0.276000 1213.186813 0.000000
0.277000 1217.582418 0.000000
0.278000 1221.978022 0.000000
0.279000 1226.373626 0.000000
0.280000 1230.769231 0.000000
0.281000 1235.164835 0.000000
0.282000 1239.560440 0.000000
0.283000 1243.956044 0.000000
0.284000 1248.351648 0.000000
0.285000 1252.747253 0.000000
0.286000 1257.142857 0.000000
0.287000 1261.538462 0.000000
0.288000 1265.934066 0.000000
0.289000 1270.329670 0.000000
0.290000 1274.725275 0.000000
0.291000 1279.120879 0.000000
0.292000 1283.516484 0.000000
0.293000 1287.912088 0.000000
0.294000 1292.307692 0.000000
0.295000 1296.703297 0.000000
0.296000 1301.098901 0.000000
0.297000 1305.494505 0.000000
0.298000 1309.890110 0.000000
0.299000 1314.285714 0.000000
0.300000 1318.681319 0.000000
0.301000 1323.076923 0.000000
0.302000 1327.472527 0.000000
0.303000 1331.868132 0.000000
0.304000 1336.263736 0.000000
0.305000 1340.659341 0.000000
0.306000 1345.054945 0.000000
0.307000 1349.450549 0.000000
0.308000 1353.846154 0.000000
0.309000 1358.241758 0.000000
0.310000 1362.637363 0.000000
0.311000 1367.032967 0.000000
0.312000 1371.428571 0.000000
0.313000 1375.824176 0.000000
0.314000 1380.219780 0.000000
0.315000 1384.615385 0.000000
0.316000 1389.010989 0.000000
0.317000 1393.406593 0.000000
0.318000 1397.802198 0.000000
0.319000 1402.197802 0.000000
0.320000 1406.593407 0.000000
0.321000 1410.989011 0.000000
0.322000 1415.384615 0.000000
0.323000 1419.780220 0.000000
0.324000 1424.175824 0.000000
0.325000 1428.571429 0.000000
0.326000 1432.967033 0.000000
0.327000 1437.362637 0.000000
0.328000 1441.758242 0.000000
0.329000 1446.153846 0.000000
0.330000 1450.549451 0.000000
0.331000 1454.945055 0.000000
0.332000 1459.340659 0.000000
0.333000 1463.736264 0.000000
0.334000 1468.131868 0.000000
0.335000 1472.527473 0.000000
0.336000 1476.923077 0.000000
0.337000 1481.318681 0.000000
0.338000 1485.714286 0.000000
0.339000 1490.109890 0.000000
0.340000 1494.505495 0.000000
0.341000 1498.901099 0.000000
0.342000 1503.296703 0.000000
0.343000 1507.692308 0.000000
0.344000 1512.087912 0.000000
0.345000 1516.483516 0.000000
0.346000 1520.879121 0.000000
0.347000 1525.274725 0.000000
0.348000 1529.670330 0.000000
0.349000 1534.065934 0.000000
0.350000 1538.461538 0.000000
0.351000 1542.857143 0.000000
0.352000 1547.252747 0.000000
0.353000 1551.648352 0.000000
0.354000 1556.043956 0.000000
0.355000 1560.439560 0.000000
0.356000 1564.835165 0.000000
0.357000 1569.230769 0.000000
0.358000 1573.626374 0.000000
0.359000 1578.021978 0.000000
0.360000 1582.417582 0.000000
0.361000 1586.813187 0.000001
0.362000 1591.208791 0.000001
0.363000 1595.604396 0.000001
0.364000 1600.000000 0.000001
0.365000 1604.395604 0.000001
0.366000 1608.791209 0.000001
0.367000 1613.186813 0.000002
0.368000 1617.582418 0.000002
0.369000 1621.978022 0.000002
0.370000 1626.373626 0.000003
0.371000 1630.769231 0.000003
0.372000 1635.164835 0.000004
0.373000 1639.560440 0.000005
0.374000 1643.956044 0.000005
0.375000 1648.351648 0.000007
0.376000 1652.747253 0.000008
0.377000 1657.142857 0.000009
0.378000 1661.538462 0.000011
0.379000 1665.934066 0.000013
0.380000 1670.329670 0.000016
0.381000 1674.725275 0.000019
0.382000 1679.120879 0.000022
0.383000 1683.516484 0.000027
0.384000 1687.912088 0.000032
0.385000 1692.307692 0.000038
0.386000 1696.703297 0.000045
0.387000 1701.098901 0.000053
0.388000 1705.494505 0.000063
0.389000 1709.890110 0.000074
0.390000 1714.285714 0.000088
0.391000 1718.681319 0.000104
0.392000 1723.076923 0.000123
0.393000 1727.472527 0.000145
0.394000 1731.868132 0.000171
0.395000 1736.263736 0.000202
0.396000 1740.659341 0.000238
0.397000 1745.054945 0.000280
0.398000 1749.450549 0.000329
0.399000 1753.846154 0.000387
0.400000 1758.241758 0.000455
0.401000 1762.637363 0.000534
0.402000 1767.032967 0.000627
0.403000 1771.428571 0.000735
0.404000 1775.824176 0.000862
0.405000 1780.219780 0.001009
0.406000 1784.615385 0.001180
0.407000 1789.010989 0.001380
0.408000 1793.406593 0.001613
0.409000 1797.802198 0.001884
0.410000 1802.197802 0.002198
0.411000 1806.593407 0.002563
0.412000 1810.989011 0.002987
0.413000 1815.384615 0.003478
0.414000 1819.780220 0.004047
0.415000 1824.175824 0.004706
0.416000 1828.571429 0.005468
0.417000 1832.967033 0.006350
0.418000 1837.362637 0.007368
0.419000 1841.758242 0.008544
0.420000 1846.153846 0.009900
0.421000 1850.549451 0.011464
0.422000 1854.945055 0.013265
0.423000 1859.340659 0.015339
0.424000 1863.736264 0.017724
0.425000 1868.131868 0.020466
0.426000 1872.527473 0.023616
0.427000 1876.923077 0.027232
0.428000 1881.318681 0.031379
0.429000 1885.714286 0.036132
0.430000 1890.109890 0.041576
0.431000 1894.505495 0.047808
0.432000 1898.901099 0.054934
0.433000 1903.296703 0.063079
0.434000 1907.692308 0.072380
0.435000 1912.087912 0.082995
0.436000 1916.483516 0.095100
0.437000 1920.879121 0.108895
0.438000 1925.274725 0.124603
0.439000 1929.670330 0.142477
0.440000 1934.065934 0.162802
0.441000 1938.461538 0.185895
0.442000 1942.857143 0.212116
0.443000 1947.252747 0.241866
0.444000 1951.648352 0.275595
0.445000 1956.043956 0.313809
0.446000 1960.439560 0.357071
0.447000 1964.835165 0.406012
0.448000 1969.230769 0.461339
0.449000 1973.626374 0.523839
0.450000 1978.021978 0.594389
0.451000 1982.417582 0.673969
0.452000 1986.813187 0.763668
0.453000 1991.208791 0.864701
0.454000 1995.604396 0.978415
0.455000 2000.000000 1.106308
0.456000 0.000000 1.250043
0.457000 0.000000 1.411465
0.458000 0.000000 1.592617
0.459000 0.000000 1.795760
0.460000 0.000000 2.023398
0.461000 0.000000 2.278297
0.462000 0.000000 2.563512
0.463000 0.000000 2.882414
0.464000 0.000000 3.238720
0.465000 0.000000 3.636524
0.466000 0.000000 4.080332
0.467000 0.000000 4.575099
0.468000 0.000000 5.126270
0.469000 0.000000 5.739822
0.470000 0.000000 6.422313
0.471000 0.000000 7.180926
0.472000 0.000000 8.023528
0.473000 0.000000 8.958728
0.474000 0.000000 9.995933
0.475000 0.000000 11.145416
0.476000 0.000000 12.418388
0.477000 0.000000 13.827070
0.478000 0.000000 15.384773
0.479000 0.000000 17.105983
0.480000 0.000000 19.006448
0.481000 0.000000 21.103276
0.482000 0.000000 23.415034
0.483000 0.000000 25.961853
0.484000 0.000000 28.765544
0.485000 0.000000 31.849710
0.486000 0.000000 35.239876
0.487000 0.000000 38.963616
0.488000 0.000000 43.050691
0.489000 0.000000 47.533194
0.490000 0.000000 52.445697
0.491000 0.000000 57.825409
0.492000 0.000000 63.712341
0.493000 0.000000 70.149472
0.494000 0.000000 77.182927
0.495000 0.000000 84.862159
0.496000 0.000000 93.240137
0.497000 0.000000 102.373540
0.498000 0.000000 112.322959
0.499000 0.000000 123.153098
0.500000 0.000000 134.932990
0.501000 0.000000 147.736205
0.502000 0.000000 161.641074
0.503000 0.000000 176.730908
0.504000 0.000000 193.094225
0.505000 0.000000 210.824974
0.506000 0.000000 230.022765
0.507000 0.000000 250.793097
0.508000 0.000000 273.247584
0.509000 0.000000 297.504183
0.510000 0.000000 323.687416
0.511000 0.000000 351.928590
0.512000 0.000000 382.366007
0.513000 0.000000 415.145178
0.514000 0.000000 450.419011
0.515000 0.000000 488.348009
0.516000 0.000000 529.100442
0.517000 0.000000 572.852510
0.518000 0.000000 619.788496
0.519000 0.000000 670.100891
0.520000 0.000000 723.990510
0.521000 0.000000 781.666582
0.522000 0.000000 843.346819
0.523000 0.000000 909.257456
0.524000 0.000000 979.633267
0.525000 0.000000 1054.717549
0.526000 0.000000 1134.762077
0.527000 0.000000 1220.027019
0.528000 0.000000 1310.780820
0.529000 0.000000 1407.300043
0.530000 0.000000 1509.869171
0.531000 0.000000 1618.780366
0.532000 0.000000 1734.333180
0.533000 0.000000 1856.834220
0.534000 0.000000 1986.596763
0.535000 0.000000 2123.940321
0.536000 0.000000 2269.190149
0.537000 0.000000 2422.676705
0.538000 0.000000 2584.735045
0.539000 0.000000 2755.704166
0.540000 0.000000 2935.926292
0.541000 0.000000 3125.746096
0.542000 0.000000 3325.509866
0.543000 0.000000 3535.564606
0.544000 0.000000 3756.257085
0.545000 0.000000 3987.932816
0.546000 0.000000 4230.934986
0.547000 0.000000 4485.603318
0.548000 0.000000 4752.272884
0.549000 0.000000 5031.272858
0.550000 0.000000 5322.925219
0.551000 0.000000 5627.543397
0.552000 0.000000 5945.430881
0.553000 0.000000 6276.879772
0.554000 0.000000 6622.169302
0.555000 0.000000 6981.564314
0.556000 0.000000 7355.313708
0.557000 0.000000 7743.648860
0.558000 0.000000 8146.782023
0.559000 0.000000 8564.904703
0.560000 0.000000 8998.186036
0.561000 0.000000 9446.771146
0.562000 0.000000 9910.779522
0.563000 0.000000 10390.303396
0.564000 0.000000 10885.406135
0.565000 0.000000 11396.120671
0.566000 0.000000 11922.447949
0.567000 0.000000 12464.355432
0.568000 0.000000 13021.775641
0.569000 0.000000 13594.604763
0.570000 0.000000 14182.701325
0.571000 0.000000 14785.884940
0.572000 0.000000 15403.935141
0.573000 0.000000 16036.590306
0.574000 0.000000 16683.546687
0.575000 0.000000 17344.457544
0.576000 0.000000 18018.932405
0.577000 0.000000 18706.536447
0.578000 0.000000 19406.790012
0.579000 0.000000 20119.168260
0.580000 0.000000 20843.100984
0.581000 0.000000 21577.972559
0.582000 0.000000 22323.122070
0.583000 0.000000 23077.843593
0.584000 0.000000 23841.386652
0.585000 0.000000 24612.956848
0.586000 0.000000 25391.716669
0.587000 0.000000 26186.521515
0.588000 0.000000 27025.605103
0.589000 0.000000 27833.973633
0.590000 0.000000 28612.357907
0.591000 0.000000 29361.473691
0.592000 0.000000 30082.022006
0.593000 0.000000 30774.689405
0.594000 0.000000 31440.148258
0.595000 0.000000 32079.057018
0.596000 0.000000 32692.060491
0.597000 0.000000 33279.790094
0.598000 0.000000 33842.864121
0.599000 0.000000 34381.887985
0.600000 0.000000 34897.454476
0.601000 0.000000 35390.143995
0.602000 0.000000 35860.524802
0.603000 0.000000 36309.153244
0.604000 0.000000 36736.573988
0.605000 0.000000 37143.320245
0.606000 0.000000 37529.913995
0.607000 0.000000 37896.866202
0.608000 0.000000 38244.677029
0.609000 0.000000 38573.836048
0.610000 0.000000 38884.822444
0.611000 0.000000 39178.105218
0.612000 0.000000 39454.143388
0.613000 0.000000 39713.386177
0.614000 0.000000 39956.273212
0.615000 0.000000 40183.234706
0.616000 0.000000 40394.691644
0.617000 0.000000 40591.055964
0.618000 0.000000 40772.730731
0.619000 0.000000 40940.110316
0.620000 0.000000 41093.580562
0.621000 0.000000 41233.518957
0.622000 0.000000 41360.294790
0.623000 0.000000 41474.269322
0.624000 0.000000 41575.795937
0.625000 0.000000 41665.220300
0.626000 0.000000 41742.880510
0.627000 0.000000 41809.107249
0.628000 0.000000 41864.223930
0.629000 0.000000 41908.546838
0.630000 0.000000 41942.385274
0.631000 0.000000 41966.041693
0.632000 0.000000 41979.811842
0.633000 0.000000 41983.984887
0.634000 0.000000 41978.843554
0.635000 0.000000 41964.664249
0.636000 0.000000 41941.717189
0.637000 0.000000 41910.266523
0.638000 0.000000 41870.570457
0.639000 0.000000 41822.881369
0.640000 0.000000 41767.445928
0.641000 0.000000 41704.505210
0.642000 0.000000 41634.294807
0.643000 0.000000 41557.044942
0.644000 0.000000 41472.980574
0.645000 0.000000 41382.321505
0.646000 0.000000 41285.282484
0.647000 0.000000 41182.073312
0.648000 0.000000 41072.898938
0.649000 0.000000 40957.959561
0.650000 0.000000 40837.450724
0.651000 0.000000 40711.563412
0.652000 0.000000 40580.484142
0.653000 0.000000 40444.395054
0.654000 0.000000 40303.474004
0.655000 0.000000 40157.894648
0.656000 0.000000 40007.826529
0.657000 0.000000 39853.435163
0.658000 0.000000 39694.882121
0.659000 0.000000 39532.325108
0.660000 0.000000 39365.918046
0.661000 0.000000 39195.811151
0.662000 0.000000 39022.151010
0.663000 0.000000 38845.080653
0.664000 0.000000 38664.739632
0.665000 0.000000 38481.264089
0.666000 0.000000 38294.786830
0.667000 0.000000 38105.437392
0.668000 0.000000 37913.342112
0.669000 0.000000 37718.624195
0.670000 0.000000 37521.403780
0.671000 0.000000 37321.798002
0.672000 0.000000 37119.921055
0.673000 0.000000 36915.884258
0.674000 0.000000 36709.796111
0.675000 0.000000 36501.762357
0.676000 0.000000 36291.886040
0.677000 0.000000 36080.267561
0.678000 0.000000 35867.004736
0.679000 0.000000 35652.192850
0.680000 0.000000 35435.924711
0.681000 0.000000 35218.290703
0.682000 0.000000 34999.378837
0.683000 0.000000 34779.274802
0.684000 0.000000 34558.062019
0.685000 0.000000 34335.821682
0.686000 0.000000 34112.632813
0.687000 0.000000 33888.572306
0.688000 0.000000 33663.714972
0.689000 0.000000 33438.133585
0.690000 0.000000 33211.898930
0.691000 0.000000 32985.079839
0.692000 0.000000 32757.743241
0.693000 0.000000 32529.954197
0.694000 0.000000 32301.775947
0.695000 0.000000 32073.269946
0.696000 0.000000 31844.495904
0.697000 0.000000 31615.511826
0.698000 0.000000 31386.374049
0.699000 0.000000 31157.137276
0.700000 0.000000 30927.854618
0.701000 0.000000 30698.577626
0.702000 0.000000 30469.356323
0.703000 0.000000 30240.239246
0.704000 0.000000 30011.273472
0.705000 0.000000 29782.504653
0.706000 0.000000 29553.977051
0.707000 0.000000 29325.733565
0.708000 0.000000 29097.815765
0.709000 0.000000 28870.263920
0.710000 0.000000 28643.117031
0.711000 0.000000 28416.412855
0.712000 0.000000 28190.187938
0.713000 0.000000 27964.477641
0.714000 0.000000 27739.316166
0.715000 0.000000 27514.736585
0.716000 0.000000 27290.770864
0.717000 0.000000 27067.449892
0.718000 0.000000 26844.803502
0.719000 0.000000 26622.860500
0.720000 0.000000 26401.648683
0.721000 0.000000 26181.194869
0.722000 0.000000 25961.524917
0.723000 0.000000 25742.663750
0.724000 0.000000 25524.635378
0.725000 0.000000 25307.462919
0.726000 0.000000 25091.168618
0.727000 0.000000 24875.773873
0.728000 0.000000 24661.299253
0.729000 0.000000 24447.764515
0.730000 0.000000 24235.188629
0.731000 0.000000 24023.589792
0.732000 0.000000 23812.985452
0.733000 0.000000 23603.392322
0.734000 0.000000 23394.826399
0.735000 0.000000 23187.302984
0.736000 0.000000 22980.836697
0.737000 0.000000 22775.441493
0.738000 0.000000 22571.130683
0.739000 0.000000 22367.916945
0.740000 0.000000 22165.812343
0.741000 0.000000 21964.828341
0.742000 0.000000 21764.975820
0.743000 0.000000 21566.265090
0.744000 0.000000 21368.705907
0.745000 0.000000 21172.307488
0.746000 0.000000 20977.078522
0.747000 0.000000 20783.027186
0.748000 0.000000 20590.161156
0.749000 0.000000 20398.487624
0.750000 0.000000 20208.013306
0.751000 0.000000 20003.891959
0.752000 0.000000 19799.770613
0.753000 0.000000 19595.649266
0.754000 0.000000 19391.527920
0.755000 0.000000 19187.406573
0.756000 0.000000 18983.285227
0.757000 0.000000 18779.163880
0.758000 0.000000 18575.042534
0.759000 0.000000 18370.921187
0.760000 0.000000 18166.799841
0.761000 0.000000 17962.678494
0.762000 0.000000 17758.557148
0.763000 0.000000 17554.435801
0.764000 0.000000 17350.314455
0.765000 0.000000 17146.193108
0.766000 0.000000 16942.071762
0.767000 0.000000 16737.950415
0.768000 0.000000 16533.829068
0.769000 0.000000 16329.707722
0.770000 0.000000 16125.586375
0.771000 0.000000 15921.465029
0.772000 0.000000 15717.343682
0.773000 0.000000 15513.222336
0.774000 0.000000 15309.100989
0.775000 0.000000 15104.979643
0.776000 0.000000 14900.858296
0.777000 0.000000 14696.736950
0.778000 0.000000 14492.615603
0.779000 0.000000 14288.494257
0.780000 0.000000 14084.372910
0.781000 0.000000 13880.251564
0.782000 0.000000 13676.130217
0.783000 0.000000 13472.008871
0.784000 0.000000 13267.887524
0.785000 0.000000 13063.766178
0.786000 0.000000 12859.644831
0.787000 0.000000 12655.523485
0.788000 0.000000 12451.402138
0.789000 0.000000 12247.280791
0.790000 0.000000 12043.159445
0.791000 0.000000 11839.038098
0.792000 0.000000 11634.916752
0.793000 0.000000 11430.795405
0.794000 0.000000 11226.674059
0.795000 0.000000 11022.552712
0.796000 0.000000 10818.431366
0.797000 0.000000 10614.310019
0.798000 0.000000 10410.188673
0.799000 0.000000 10206.067326
0.800000 0.000000 9986.571291
0.801000 0.000000 9739.814696
0.802000 0.000000 9498.005147
0.803000 0.000000 9261.058973
0.804000 0.000000 9028.893616
0.805000 0.000000 8801.427623
0.806000 0.000000 8578.580635
0.807000 0.000000 8360.273386
0.808000 0.000000 8146.427691
0.809000 0.000000 7936.966438
0.810000 0.000000 7731.813584
0.811000 0.000000 7530.894146
0.812000 0.000000 7334.134188
0.813000 0.000000 7141.460819
0.814000 0.000000 6952.802183
0.815000 0.000000 6768.087446
0.816000 0.000000 6587.246794
0.817000 0.000000 6410.211418
0.818000 0.000000 6236.913509
0.819000 0.000000 6067.286249
0.820000 0.000000 5901.263797
0.821000 0.000000 5738.781287
0.822000 0.000000 5579.774814
0.823000 0.000000 5424.181423
0.824000 0.000000 5271.939107
0.825000 0.000000 5122.986788
0.826000 0.000000 4977.264314
0.827000 0.000000 4834.712449
0.828000 0.000000 4695.272859
0.829000 0.000000 4558.888107
0.830000 0.000000 4425.501642
0.831000 0.000000 4295.057788
0.832000 0.000000 4167.501735
0.833000 0.000000 4042.779531
0.834000 0.000000 3920.838067
0.835000 0.000000 3801.625077
0.836000 0.000000 3685.089116
0.837000 0.000000 3571.179562
0.838000 0.000000 3459.846598
0.839000 0.000000 3351.041206
0.840000 0.000000 3244.715156
0.841000 0.000000 3140.820999
0.842000 0.000000 3039.312055
0.843000 0.000000 2940.142402
0.844000 0.000000 2843.266871
0.845000 0.000000 2748.641032
0.846000 0.000000 2656.221188
0.847000 0.000000 2565.964365
0.848000 0.000000 2477.828300
0.849000 0.000000 2391.771434
0.850000 0.000000 2307.752903
0.851000 0.000000 2225.732528
0.852000 0.000000 2145.670807
0.853000 0.000000 2067.528903
0.854000 0.000000 1991.268639
0.855000 0.000000 1916.852487
0.856000 0.000000 1844.243559
0.857000 0.000000 1773.405596
0.858000 0.000000 1704.302966
0.859000 0.000000 1636.900648
0.860000 0.000000 1571.164229
0.861000 0.000000 1507.059889
0.862000 0.000000 1444.554401
0.863000 0.000000 1383.615114
0.864000 0.000000 1324.209952
0.865000 0.000000 1266.307401
0.866000 0.000000 1209.876503
0.867000 0.000000 1154.886846
0.868000 0.000000 1101.308558
0.869000 0.000000 1049.112298
0.870000 0.000000 998.269251
0.871000 0.000000 948.751114
0.872000 0.000000 900.530093
0.873000 0.000000 853.578896
0.874000 0.000000 807.870723
0.875000 0.000000 763.379258
0.876000 0.000000 720.078664
0.877000 0.000000 677.943576
0.878000 0.000000 636.949090
0.879000 0.000000 597.070760
0.880000 0.000000 558.284588
0.881000 0.000000 520.567020
0.882000 0.000000 483.894935
0.883000 0.000000 448.245643
0.884000 0.000000 413.596873
0.885000 0.000000 379.926772
0.886000 0.000000 347.213893
0.887000 0.000000 315.437193
0.888000 0.000000 284.576023
0.889000 0.000000 254.610124
0.890000 0.000000 225.519620
0.891000 0.000000 197.285011
0.892000 0.000000 169.887169
0.893000 0.000000 143.307330
0.894000 0.000000 117.527087
0.895000 0.000000 92.528388
0.896000 0.000000 68.293528
0.897000 0.000000 44.805141
0.898000 0.000000 22.046198
0.899000 0.000000 0.000000
0.900000 0.000000 0.000000
