0.000000000000000000e+00
0.000000000000000000e+00
0.000000000000000000e+00
0.000000000000000000e+00
0.000000000000000000e+00
0.000000000000000000e+00
0.000000000000000000e+00
0.000000000000000000e+00
0.000000000000000000e+00
0.000000000000000000e+00
0.000000000000000000e+00
0.000000000000000000e+00
0.000000000000000000e+00
0.000000000000000000e+00
0.000000000000000000e+00
0.000000000000000000e+00
0.000000000000000000e+00
0.000000000000000000e+00
0.000000000000000000e+00
0.000000000000000000e+00
0.000000000000000000e+00
0.000000000000000000e+00
0.000000000000000000e+00
0.000000000000000000e+00
0.000000000000000000e+00
0.000000000000000000e+00
0.000000000000000000e+00
0.000000000000000000e+00
0.000000000000000000e+00
0.000000000000000000e+00
0.000000000000000000e+00
0.000000000000000000e+00
0.000000000000000000e+00
0.000000000000000000e+00
0.000000000000000000e+00
0.000000000000000000e+00
0.000000000000000000e+00
0.000000000000000000e+00
0.000000000000000000e+00
0.000000000000000000e+00
0.000000000000000000e+00
0.000000000000000000e+00
0.000000000000000000e+00
0.000000000000000000e+00
0.000000000000000000e+00
0.000000000000000000e+00
0.000000000000000000e+00
0.000000000000000000e+00
0.000000000000000000e+00
0.000000000000000000e+00
0.000000000000000000e+00
0.000000000000000000e+00
0.000000000000000000e+00
0.000000000000000000e+00
0.000000000000000000e+00
0.000000000000000000e+00
0.000000000000000000e+00
0.000000000000000000e+00
0.000000000000000000e+00
0.000000000000000000e+00
0.000000000000000000e+00
0.000000000000000000e+00
0.000000000000000000e+00
0.000000000000000000e+00
0.000000000000000000e+00
0.000000000000000000e+00
0.000000000000000000e+00
0.000000000000000000e+00
0.000000000000000000e+00
0.000000000000000000e+00
0.000000000000000000e+00
0.000000000000000000e+00
0.000000000000000000e+00
0.000000000000000000e+00
0.000000000000000000e+00
0.000000000000000000e+00
0.000000000000000000e+00
0.000000000000000000e+00
0.000000000000000000e+00
0.000000000000000000e+00
0.000000000000000000e+00
0.000000000000000000e+00
0.000000000000000000e+00
0.000000000000000000e+00
0.000000000000000000e+00
0.000000000000000000e+00
0.000000000000000000e+00
0.000000000000000000e+00
0.000000000000000000e+00
0.000000000000000000e+00
0.000000000000000000e+00
0.000000000000000000e+00
0.000000000000000000e+00
0.000000000000000000e+00
0.000000000000000000e+00
0.000000000000000000e+00
0.000000000000000000e+00
0.000000000000000000e+00
0.000000000000000000e+00
0.000000000000000000e+00
0.000000000000000000e+00
0.000000000000000000e+00
0.000000000000000000e+00
0.000000000000000000e+00
0.000000000000000000e+00
0.000000000000000000e+00
0.000000000000000000e+00
0.000000000000000000e+00
0.000000000000000000e+00
0.000000000000000000e+00
0.000000000000000000e+00
0.000000000000000000e+00
0.000000000000000000e+00
0.000000000000000000e+00
0.000000000000000000e+00
0.000000000000000000e+00
0.000000000000000000e+00
0.000000000000000000e+00
0.000000000000000000e+00
0.000000000000000000e+00
0.000000000000000000e+00
0.000000000000000000e+00
0.000000000000000000e+00
0.000000000000000000e+00
0.000000000000000000e+00
0.000000000000000000e+00
0.000000000000000000e+00
0.000000000000000000e+00
0.000000000000000000e+00
0.000000000000000000e+00
0.000000000000000000e+00
0.000000000000000000e+00
0.000000000000000000e+00
0.000000000000000000e+00
0.000000000000000000e+00
0.000000000000000000e+00
0.000000000000000000e+00
0.000000000000000000e+00
0.000000000000000000e+00
0.000000000000000000e+00
0.000000000000000000e+00
0.000000000000000000e+00
0.000000000000000000e+00
0.000000000000000000e+00
0.000000000000000000e+00
0.000000000000000000e+00
0.000000000000000000e+00
0.000000000000000000e+00
0.000000000000000000e+00
0.000000000000000000e+00
0.000000000000000000e+00
0.000000000000000000e+00
0.000000000000000000e+00
0.000000000000000000e+00
0.000000000000000000e+00
0.000000000000000000e+00
0.000000000000000000e+00
0.000000000000000000e+00
0.000000000000000000e+00
0.000000000000000000e+00
0.000000000000000000e+00
0.000000000000000000e+00
0.000000000000000000e+00
0.000000000000000000e+00
0.000000000000000000e+00
0.000000000000000000e+00
0.000000000000000000e+00
0.000000000000000000e+00
0.000000000000000000e+00
0.000000000000000000e+00
0.000000000000000000e+00
0.000000000000000000e+00
0.000000000000000000e+00
0.000000000000000000e+00
0.000000000000000000e+00
0.000000000000000000e+00
0.000000000000000000e+00
0.000000000000000000e+00
0.000000000000000000e+00
0.000000000000000000e+00
0.000000000000000000e+00
0.000000000000000000e+00
0.000000000000000000e+00
0.000000000000000000e+00
0.000000000000000000e+00
0.000000000000000000e+00
0.000000000000000000e+00
0.000000000000000000e+00
0.000000000000000000e+00
0.000000000000000000e+00
0.000000000000000000e+00
0.000000000000000000e+00
0.000000000000000000e+00
0.000000000000000000e+00
0.000000000000000000e+00
0.000000000000000000e+00
0.000000000000000000e+00
0.000000000000000000e+00
0.000000000000000000e+00
0.000000000000000000e+00
0.000000000000000000e+00
1.800397660098502248e-04
7.199029023797691267e-04
1.618821990789937396e-03
2.875520769043411751e-03
4.488217975891295800e-03
6.454632705936607859e-03
8.771991247029660432e-03
1.143703536505981735e-02
1.444603199381406730e-02
1.779478428066987375e-02
2.147864393236329980e-02
2.549252479897929496e-02
2.983091762868231647e-02
3.448790592058442739e-02
3.945718279856987726e-02
4.473206882487615332e-02
5.030553066880353447e-02
5.617020054309666832e-02
6.231839631831918164e-02
6.874214222394024743e-02
7.543319004385105886e-02
8.238304071363522496e-02
8.958296622711295343e-02
9.702403176043222777e-02
1.046971179233037313e-01
1.125929430487922905e-01
1.207020854353990785e-01
1.290150054579456973e-01
1.375220674669491161e-01
1.462135613997554429e-01
1.550797240305968883e-01
1.641107597909425286e-01
1.732968610959517985e-01
1.826282281175238831e-01
1.920950879492382968e-01
2.016877131134473256e-01
2.113964393658133434e-01
2.212116827576447176e-01
2.311239559214903483e-01
2.411238835504705413e-01
2.512022170468248272e-01
2.613498483200344946e-01
2.715578227196224215e-01
2.818173510923701608e-01
2.921198209580804228e-01
3.024568068022792655e-01
3.128200794882546321e-01
3.232016147946116802e-01
3.335936010881001001e-01
3.439884461447388908e-01
3.543787831353217288e-01
3.647574757941716705e-01
3.751176227925126505e-01
3.854525613401097450e-01
3.957558700408091434e-01
4.060213710293460454e-01
4.162431314183085429e-01
4.264154640853393130e-01
4.365329278317476303e-01
4.465903269444297941e-01
4.565827101935954202e-01
4.665053692992063294e-01
4.763538368991448446e-01
4.861238840522275062e-01
4.958115173089572281e-01
5.054129753826234195e-01
5.149247254529304429e-01
5.243434591337172712e-01
5.336660881357153663e-01
5.428897396544427600e-01
5.520117515124963736e-01
5.610296670845645872e-01
5.699412300324188108e-01
5.787443788761579277e-01
5.874372414267833298e-01
5.960181291041123375e-01
6.044855311627913563e-01
6.128381088480775452e-01
6.210746895017682512e-01
6.291942606375323654e-01
6.371959640036701789e-01
6.450790896501357174e-01
6.528430700155533062e-01
6.604874740487316487e-01
6.680120013781245536e-01
6.754164765415772154e-01
6.827008432876070509e-01
6.898651589585201860e-01
6.969095889645928743e-01
7.038344013576613989e-01
7.106399615115273072e-01
7.173267269157077575e-01
7.238952420882870387e-01
7.303461336127735626e-01
7.366801053031812874e-01
7.428979335008283336e-01
7.490004625056799759e-01
7.549886001444976458e-01
7.608633134774125395e-01
7.666256246440551481e-01
7.722766068498739811e-01
7.778173804927579482e-01
7.832491094297620027e-01
7.885729973832407147e-01
7.937902844853945705e-01
7.989022439599161585e-01
8.039101789390827868e-01
8.088154194144523412e-01
8.136193193190159878e-01
8.183232537384893535e-01
8.229286162492489565e-01
8.274368163801948395e-01
8.318492771957949339e-01
8.361674329973369790e-01
8.403927271393795140e-01
8.445266099583005337e-01
8.485705368097488099e-01
8.525259662118208626e-01
8.563943580906699937e-01
8.601771721252939873e-01
8.638758661882283141e-01
8.674918948788131745e-01
8.710267081458363814e-01
8.744817499962362906e-01
8.778584572867061953e-01
8.811582585949342405e-01
8.843825731674304080e-01
8.875328099407779892e-01
8.906103666333005098e-01
8.936166289041690414e-01
8.965529695769905993e-01
8.994207479250819759e-01
9.022213090155996040e-01
9.049559831098286100e-01
9.076260851169942745e-01
9.102329140989940948e-01
9.127777528236052929e-01
9.152618673637155089e-01
9.176865067402398823e-01
9.200529026064788729e-01
9.223622689716792777e-01
9.246158019617466417e-01
9.268146796150215083e-01
9.289600617111689607e-01
9.310530896313132798e-01
9.330948862475378913e-01
9.350865558400760502e-01
9.370291840404646466e-01
9.389238377990620776e-01
9.407715653754059604e-01
9.425733963498876822e-01
9.443303416553848750e-01
9.460433936274638134e-01
9.477135260718606569e-01
9.493416943480412762e-01
9.509288354675994315e-01
9.524758682064410342e-01
9.539836932296476002e-01
9.554531932280018180e-01
9.568852330652320992e-01
9.582806599350136567e-01
9.596403035269106541e-01
9.609649762003804607e-01
9.622554731660819538e-01
9.635125726737495677e-01
9.647370362058814708e-01
9.659296086766475664e-01
9.670910186353218752e-01
9.682219784737039481e-01
9.693231846368879356e-01
9.703953178369432164e-01
9.714390432689349320e-01
9.724550108288516626e-01
9.734438553329987087e-01
9.744061967383972345e-01
9.753426403638764119e-01
9.762537771114249141e-01
9.771401836874924474e-01
9.780024228239253548e-01
9.788410434982006691e-01
9.796565811527273571e-01
9.804495579129233196e-01
9.812204828038290083e-01
9.819698519650492674e-01
9.826981488637740458e-01
9.834058445057366482e-01
9.840933976438861475e-01
9.847612549846230801e-01
9.854098513914636426e-01
9.860396100859347701e-01
9.866509428456397002e-01
9.872442501993270447e-01
9.878199216188691123e-01
9.883783357080579979e-01
9.889198603880958727e-01
9.894448530797440577e-01
9.899536608820234118e-01
9.904466207474000861e-01
9.909240596534293344e-01
9.913862947707352546e-01
9.918336336273591014e-01
9.922663742693791367e-01
9.926848054177790370e-01
9.930892066215528668e-01
9.934798484069642388e-01
9.938569924230109542e-01
9.942208915830116345e-01
9.945717902023288870e-01
9.949099241322217901e-01
9.952355208897727401e-01
9.955487997839437275e-01
9.958499720435382008e-01
9.961392409189612218e-01
9.964168018109800240e-01
9.966828423783314905e-01
9.969375426432158793e-01
9.971810750938849832e-01
9.974136047833231933e-01
9.976352894240666513e-01
9.978462794790973200e-01
9.980467182488749200e-01
9.982367419544969644e-01
9.984164798169969934e-01
9.985860541327651330e-01
9.987455803451708025e-01
9.988951671122988651e-01
9.990349163708912572e-01
9.991649233964586818e-01
9.992852768595854585e-01
9.993960588784395194e-01
9.994973450674784488e-01
9.995892045823997485e-01
9.996717001612889231e-01
9.997448881620152328e-01
9.998088185958627916e-01
9.998635351574159946e-01
9.999090752506758495e-01
9.999454700114676076e-01
9.999727443260791881e-01
9.999909168461788012e-01
1.000000000000000000e+00
9.999999999997970512e-01
9.999909168455721753e-01
9.999727443250653325e-01
9.999454700100472992e-01
9.999090752488483114e-01
9.998635351551816708e-01
9.998088185932252347e-01
9.997448881589706682e-01
9.996717001578413475e-01
9.995892045785460533e-01
9.994973450632184120e-01
9.993960588737734740e-01
9.992852768545162911e-01
9.991649233909838390e-01
9.990349163650144027e-01
9.988951671060154469e-01
9.987455803384822639e-01
9.985860541256713629e-01
9.984164798094975479e-01
9.982367419465969505e-01
9.980467182405691196e-01
9.978462794703911731e-01
9.976352894149570494e-01
9.974136047738094701e-01
9.971810750839670279e-01
9.969375426328992429e-01
9.966828423676117321e-01
9.964168017998604743e-01
9.961392409074397714e-01
9.958499720316149606e-01
9.955487997706095049e-01
9.952355208692048594e-01
9.949099241044258024e-01
9.945717901673090111e-01
9.942208915407736436e-01
9.938569923735615097e-01
9.934798483503091138e-01
9.930892065576970573e-01
9.926848053467313138e-01
9.922663741911413871e-01
9.918336335419462024e-01
9.913862946781505370e-01
9.909240595536822349e-01
9.904466206404973772e-01
9.899536607679717548e-01
9.894448529585561092e-01
9.889198602597800702e-01
9.883783355726281084e-01
9.878199214763320191e-01
9.872442500496910744e-01
9.866509426889175094e-01
9.860396099221386823e-01
9.854098512206069804e-01
9.847612548067172789e-01
9.840933974589444189e-01
9.834058443137725369e-01
9.826981486648014297e-01
9.819698517590825793e-01
9.812204825908840133e-01
9.804495576930124523e-01
9.796565809258730440e-01
9.788410432644174541e-01
9.780024225832300022e-01
9.771401834399029429e-01
9.762537768569573560e-01
9.753426401025531156e-01
9.744061964702391831e-01
9.734438550580288840e-01
9.724550105470904926e-01
9.714390429803991811e-01
9.703953175416605292e-01
9.693231843348829591e-01
9.682219781650011070e-01
9.670910183199498134e-01
9.659296083546256018e-01
9.647370358772420218e-01
9.635125723385201679e-01
9.622554728242924682e-01
9.609649758520570906e-01
9.596403031720882604e-01
9.582806595737295430e-01
9.568852326975143541e-01
9.554531928538867458e-01
9.539836928491669532e-01
9.524758678196350026e-01
9.509288350745060958e-01
9.493416939486998274e-01
9.477135256663160590e-01
9.460433932157504833e-01
9.443303412375502193e-01
9.425733959259752215e-01
9.407715649454625462e-01
9.389238373631346724e-01
9.370291835986022111e-01
9.350865553923295437e-01
9.330948857939596053e-01
9.310530891719571711e-01
9.289600612460898743e-01
9.268146791442725130e-01
9.246158014853911311e-01
9.223622684897796464e-01
9.200529021190952950e-01
9.176865062474358625e-01
9.152618668655543299e-01
9.127777523201587861e-01
9.102329135903317603e-01
9.076260846031916074e-01
9.049559825909556654e-01
9.022213084917306558e-01
8.994207473962975152e-01
8.965529690433731158e-01
8.936166283658004694e-01
8.906103660902661145e-01
8.875328093931655893e-01
8.843825726153305977e-01
8.811582580384392793e-01
8.778584567259111182e-01
8.744817494312391304e-01
8.710267075767332834e-01
8.674918943057149390e-01
8.638758656112364154e-01
8.601771715445172273e-01
8.563943575062155089e-01
8.525259656238074468e-01
8.485705362182928146e-01
8.445266093635210858e-01
8.403927265414027348e-01
8.361674323962838828e-01
8.318492765917951948e-01
8.274368157733821283e-01
8.229286156397576102e-01
8.183232531264579279e-01
8.136193187045829278e-01
8.088154187977679710e-01
8.039101783202922125e-01
7.989022433391708145e-01
7.937902838628486668e-01
7.885729967590491274e-01
7.832491088040887117e-01
7.778173798657695981e-01
7.722766062217357730e-01
7.666256240149385004e-01
7.608633128474889817e-01
7.549885995139470340e-01
7.490004618746833875e-01
7.428979328695701767e-01
7.366801046718522983e-01
7.303461329815590375e-01
7.238952414573832650e-01
7.173267262853123549e-01
7.106399608818398939e-01
7.038344007288858117e-01
6.969095883369359479e-01
6.898651583321901981e-01
6.827008426628164983e-01
6.754164759185418143e-01
6.680120007570613527e-01
6.604874734298585848e-01
6.528430693990953104e-01
6.450790890363197194e-01
6.371959633927213318e-01
6.291942600296805965e-01
6.210746888972419333e-01
6.128381082471110464e-01
6.044855305656198219e-01
5.960181285109734661e-01
5.874372408379124888e-01
5.787443782917898183e-01
5.699412294527947953e-01
5.610296665099232527e-01
5.520117509430777503e-01
5.428897390904838804e-01
5.336660875774589252e-01
5.243434585813993021e-01
5.149247249067893106e-01
5.054129748428952684e-01
4.958115167758753716e-01
4.861238835260259794e-01
4.763538363800544073e-01
4.665053687874572974e-01
4.565827096894106707e-01
4.465903264480298174e-01
4.365329273433526391e-01
4.264154636051620817e-01
4.162431309465595697e-01
4.060213705662312211e-01
3.957558695865231457e-01
3.854525608948479176e-01
3.751176223564612888e-01
3.647574753675108528e-01
3.543787827182237615e-01
3.439884457373676430e-01
3.335936006906140006e-01
3.232016144071575559e-01
3.128200791109709833e-01
3.024568064353129193e-01
2.921198206015899190e-01
2.818173507464602490e-01
2.715578223843847505e-01
2.613498479955507769e-01
2.512022167331646738e-01
2.411238832476889637e-01
2.311239556296318665e-01
2.212116824767394740e-01
2.113964390958768258e-01
2.016877128544825037e-01
1.920950877012317926e-01
1.826282278804486625e-01
1.732968608697648127e-01
1.641107595755851856e-01
1.550797238259939148e-01
1.462135612058158840e-01
1.375220672835658631e-01
1.290150052849945161e-01
1.207020852727384019e-01
1.125929428962631068e-01
1.046971177807308612e-01
9.702403162762238131e-02
8.958296610385541037e-02
8.238304059970176507e-02
7.543318993899544855e-02
6.874214212789939160e-02
6.231839623081249918e-02
5.617020046382614068e-02
5.030553059745389299e-02
4.473206876111512909e-02
3.945718274204870757e-02
3.448790587093766846e-02
2.983091758552855466e-02
2.549252476192129246e-02
2.147864390098826876e-02
1.779478425455024992e-02
1.444603197250767836e-02
1.143703534811039979e-02
8.771991233967726953e-03
6.454632696279652068e-03
4.488217969144590175e-03
2.875520764700560152e-03
1.618821988333584132e-03
7.199029012822908986e-04
1.800397657340899616e-04
0.000000000000000000e+00
0.000000000000000000e+00
0.000000000000000000e+00
0.000000000000000000e+00
0.000000000000000000e+00
0.000000000000000000e+00
0.000000000000000000e+00
0.000000000000000000e+00
0.000000000000000000e+00
0.000000000000000000e+00
0.000000000000000000e+00
0.000000000000000000e+00
0.000000000000000000e+00
0.000000000000000000e+00
0.000000000000000000e+00
0.000000000000000000e+00
0.000000000000000000e+00
0.000000000000000000e+00
0.000000000000000000e+00
0.000000000000000000e+00
0.000000000000000000e+00
0.000000000000000000e+00
0.000000000000000000e+00
0.000000000000000000e+00
0.000000000000000000e+00
0.000000000000000000e+00
0.000000000000000000e+00
0.000000000000000000e+00
0.000000000000000000e+00
0.000000000000000000e+00
0.000000000000000000e+00
0.000000000000000000e+00
0.000000000000000000e+00
0.000000000000000000e+00
0.000000000000000000e+00
0.000000000000000000e+00
0.000000000000000000e+00
0.000000000000000000e+00
0.000000000000000000e+00
0.000000000000000000e+00
0.000000000000000000e+00
0.000000000000000000e+00
0.000000000000000000e+00
0.000000000000000000e+00
0.000000000000000000e+00
0.000000000000000000e+00
0.000000000000000000e+00
0.000000000000000000e+00
0.000000000000000000e+00
0.000000000000000000e+00
0.000000000000000000e+00
0.000000000000000000e+00
0.000000000000000000e+00
0.000000000000000000e+00
0.000000000000000000e+00
0.000000000000000000e+00
0.000000000000000000e+00
0.000000000000000000e+00
0.000000000000000000e+00
0.000000000000000000e+00
0.000000000000000000e+00
0.000000000000000000e+00
0.000000000000000000e+00
0.000000000000000000e+00
0.000000000000000000e+00
0.000000000000000000e+00
0.000000000000000000e+00
0.000000000000000000e+00
0.000000000000000000e+00
0.000000000000000000e+00
0.000000000000000000e+00
0.000000000000000000e+00
0.000000000000000000e+00
0.000000000000000000e+00
0.000000000000000000e+00
0.000000000000000000e+00
0.000000000000000000e+00
0.000000000000000000e+00
0.000000000000000000e+00
0.000000000000000000e+00
0.000000000000000000e+00
0.000000000000000000e+00
0.000000000000000000e+00
0.000000000000000000e+00
0.000000000000000000e+00
0.000000000000000000e+00
0.000000000000000000e+00
0.000000000000000000e+00
0.000000000000000000e+00
0.000000000000000000e+00
0.000000000000000000e+00
0.000000000000000000e+00
0.000000000000000000e+00
0.000000000000000000e+00
0.000000000000000000e+00
0.000000000000000000e+00
0.000000000000000000e+00
0.000000000000000000e+00
0.000000000000000000e+00
0.000000000000000000e+00
0.000000000000000000e+00
0.000000000000000000e+00
0.000000000000000000e+00
0.000000000000000000e+00
0.000000000000000000e+00
0.000000000000000000e+00
0.000000000000000000e+00
0.000000000000000000e+00
0.000000000000000000e+00
0.000000000000000000e+00
0.000000000000000000e+00
0.000000000000000000e+00
0.000000000000000000e+00
0.000000000000000000e+00
0.000000000000000000e+00
0.000000000000000000e+00
0.000000000000000000e+00
0.000000000000000000e+00
0.000000000000000000e+00
0.000000000000000000e+00
0.000000000000000000e+00
0.000000000000000000e+00
0.000000000000000000e+00
0.000000000000000000e+00
0.000000000000000000e+00
0.000000000000000000e+00
0.000000000000000000e+00
0.000000000000000000e+00
0.000000000000000000e+00
0.000000000000000000e+00
0.000000000000000000e+00
0.000000000000000000e+00
0.000000000000000000e+00
0.000000000000000000e+00
0.000000000000000000e+00
0.000000000000000000e+00
0.000000000000000000e+00
0.000000000000000000e+00
0.000000000000000000e+00
0.000000000000000000e+00
0.000000000000000000e+00
0.000000000000000000e+00
0.000000000000000000e+00
0.000000000000000000e+00
0.000000000000000000e+00
0.000000000000000000e+00
0.000000000000000000e+00
0.000000000000000000e+00
0.000000000000000000e+00
0.000000000000000000e+00
0.000000000000000000e+00
0.000000000000000000e+00
0.000000000000000000e+00
0.000000000000000000e+00
0.000000000000000000e+00
0.000000000000000000e+00
0.000000000000000000e+00
0.000000000000000000e+00
0.000000000000000000e+00
0.000000000000000000e+00
0.000000000000000000e+00
0.000000000000000000e+00
0.000000000000000000e+00
0.000000000000000000e+00
0.000000000000000000e+00
0.000000000000000000e+00
0.000000000000000000e+00
0.000000000000000000e+00
0.000000000000000000e+00
0.000000000000000000e+00
0.000000000000000000e+00
0.000000000000000000e+00
0.000000000000000000e+00
0.000000000000000000e+00
0.000000000000000000e+00
0.000000000000000000e+00
0.000000000000000000e+00
0.000000000000000000e+00
0.000000000000000000e+00
0.000000000000000000e+00
0.000000000000000000e+00
0.000000000000000000e+00
0.000000000000000000e+00
0.000000000000000000e+00
0.000000000000000000e+00
0.000000000000000000e+00
0.000000000000000000e+00
0.000000000000000000e+00
0.000000000000000000e+00
0.000000000000000000e+00
0.000000000000000000e+00
0.000000000000000000e+00
0.000000000000000000e+00
0.000000000000000000e+00
0.000000000000000000e+00
0.000000000000000000e+00
0.000000000000000000e+00
0.000000000000000000e+00
0.000000000000000000e+00
0.000000000000000000e+00
0.000000000000000000e+00
0.000000000000000000e+00
0.000000000000000000e+00
0.000000000000000000e+00
0.000000000000000000e+00
0.000000000000000000e+00
0.000000000000000000e+00
0.000000000000000000e+00
0.000000000000000000e+00
0.000000000000000000e+00
0.000000000000000000e+00
0.000000000000000000e+00
0.000000000000000000e+00
0.000000000000000000e+00
0.000000000000000000e+00
0.000000000000000000e+00
0.000000000000000000e+00
0.000000000000000000e+00
